strategic_region={
	id=1
	name="STRATEGICREGION_1"
	provinces={
		1352 1819 3053 4744 5112 6066 8372 8603 11616 197 850 1722 2014 4267 4283 5369 6047 6157 6329 7248 8495 11558 11565 11566 11594 11630 11634 11656 11693 11720 147 182 2032 3388 3496 5036 5163 5179 5297 11587 11631 11690 11735 1482 5832 7572 7691 11652 11677 2373 3134 4455 6529 7710 8142 8168 8426 11602 11715 11750 290 1102 1306 2964 3491 4594 5027 5803 11635 11664 11681 11721 11734 12703 2256 4204 4819 6789 7098 11686 11704 11726 11730 11749 11767 16 1320 1672 2606 2628 3864 3972 4277 4659 4876 5088 5166 5540 5714 6195 6426 6545 6547 7140 7745 11756 11760 11797 11799 11826 11889 11904 1835 1953 2673 5344 6396 7589 7724 11694 11737 2646 2718 3365 3705 3921 4363 8333 11844 1269 2093 2897 4243 4534 5116 5135 6744 6936 6944 7127 7298 8213 8492 8496 11836 11912 11941 11942 1132 2872 3430 3991 4003 4736 5556 5846 6638 7220 7587 11806 11827 11849 11853 11899 11902 11948 11957 11969 1539 4692 6168 7285 7841 11793 11845 11901 11940 11954 215 855 1427 6821 7637 8165 8632 8635 11820 11846 11866 11887 11894 11960 376 490 798 1072 2094 2430 2585 3338 3456 3862 4633 5077 5195 5307 5532 5754 5894 5899 6431 6511 6560 6767 6961 7594 8141 8156 11965 11970 12001 12034 12108 12169 12187 12200 1288 1728 2558 2657 3514 4176 4481 5141 6019 7955 8012 8484 8615 11971 12015 263 2111 2340 2501 2878 3835 5747 5752 5759 6911 7535 7737 7836 8098 11961 11995 12030 12055 12099 12104 12178 12714 12715 5361 5469 5912 6245 6523 6891 8314 11189 11194 11209 11231 11232 11286 2179 2821 3404 4089 4354 5685 11205 11248 11304 11306 11313 11318 11350 4056 4184 4978 5264 6642 7036 8079 8430 11218 11249 11346 904 1490 3341 4910 4983 5113 5702 5784 7434 7466 7644 8061 11217 11255 11293 11309 11335 11375 181 1208 2188 2380 2564 2583 2823 5029 5918 6524 6915 11238 11300 11338 11360 12696 12697 12698 12699 1239 1758 2050 4250 6462 6535 8228 11355 11372 11398 11427 291 338 931 1460 1577 1875 3095 4037 4548 4683 5820 5858 6987 8051 8114 8513 11344 11380 11429 11436 11441 11458 11475 11526 12700 12701 12702 649 1794 3703 4524 4907 6501 7225 11384 11416 2883 4279 4801 5409 8042 11394 361 964 2463 3339 4110 5580 8035 8180 8255 11525 1097 1473 1503 1560 1994 2330 2818 2892 4218 4677 5021 5086 5178 5332 5569 5855 5880 6119 6541 6593 6871 7003 7075 7370 7426 7461 7464 7504 8034 8515 11422 11433 11510 11542 11563 11600 11622 11623 11655 984 1540 3544 3748 4740 5393 6353 6869 6967 7870 11479 11518 11570 12694 12695 1130 1492 3229 6322 6596 6771 2010 2309 3604 5300 7131 7613 8209 11555 11647 2110 4151 4292 5452 11506 113 612 1393 1592 1691 1711 2036 4427 4766 6179 6881 7120 7980 8033 8099 11979 12069 12716 12717 12718 12719 383 728 1494 1941 3098 3144 4723 4743 4854 6234 7583 12016 12021 12023 12045 12054 868 2021 4129 4472 4532 6204 7858 12138 12164 12192 1254 1335 1831 2115 2887 3059 3184 4544 5512 8118 8153 12116 12181 12201 12208 12225 12230 12237 262 1574 2267 2431 3069 6684 7539 12110 12153 12170 12185 12212 387 1216 1405 1637 1895 3092 3133 3204 3572 4845 4993 5964 8364 12210 12218 12267 12326 280 1075 3061 5707 8131 12205 12211 12221 12231 12235 749 1058 1215 2502 2900 4614 7179 7755 8308 2158 2806 5976 12247 12248 12272 1645 2914 3022 4714 7382 8058 8331 12229 12290 12322 12720 1250 2548 3833 3965 4465 5193 6715 7555 8570 12283 12306 12329 12344 12365 12366 788 2868 2895 3925 6943 7522 12328 12335 646 1926 2441 3435 3436 3554 4385 5421 6614 6956 7537 12336 12368 2250 3627 5465 8199 12307 12323 12324 12351 12354 844 2721 3449 4252 4974 5336 6417 7855 12367 12369 12370 12371 143 1839 2545 3714 7563 11145 11193 40 167 752 1693 1776 2060 2319 2344 2965 3077 3097 3663 4150 4583 4924 5742 5823 6307 6394 6503 7015 7367 7412 7427 8200 8321 11173 11202 11247 11273 11278 11290 11303 11307 11308 11324 11348 11359 11379 11403 11405 486 681 701 1180 2723 4055 5521 6569 7396 7681 11794 11795 11861 11869 11949 11958 12005 12704 1407 3788 4330 5215 11997 12043 12074 657 965 2375 2622 3048 4582 4796 5188 6007 8187 8390 12075 12705 12706 12707 2097 3583 5836 6517 6773 8473 12117 12175 12191 2004 5546 5649 5651 6023 6112 6141 6337 7527 12132 12156 12219 12224 12238 12250 12709 12710 12711 12712 12713 344 2763 2824 5121 12166 12179 944 3094 7718 8234 12204 12253 375 1604 2026 8096 12240 12242 3464 4449 5550 12270 12299 742 2252 3669 8219 12332 5701 5932 6451 6965 7414 12320 12337 12338 12353 12357
	}
	weather={
		period={
			between={ 0.0 30.0 }
			temperature={ 12.0 30.0 }
			temperature_day_night={ -2.0 2.0 }
			no_phenomenon=0.500
			rain_light=0.250
			rain_heavy=0.100
			snow=0.000
			blizzard=0.000
			mud=1.0
			sandstorm=0.000
			min_snow_level=0.000
		}
		period={
			between={ 0.1 27.1 }
			temperature={ 12.0 30.0 }
			temperature_day_night={ -2.0 2.0 }
			no_phenomenon=0.500
			rain_light=0.250
			rain_heavy=0.100
			snow=0.000
			blizzard=0.000
			mud=1.0
			sandstorm=0.000
			min_snow_level=0.000
		}
		period={
			between={ 0.2 30.2 }
			temperature={ 12.0 30.0 }
			temperature_day_night={ -2.0 2.0 }
			no_phenomenon=0.500
			rain_light=0.250
			rain_heavy=0.100
			snow=0.000
			blizzard=0.000
			mud=1.0
			sandstorm=0.000
			min_snow_level=0.000
		}
		period={
			between={ 0.3 29.3 }
			temperature={ 12.0 30.0 }
			temperature_day_night={ -2.0 2.0 }
			no_phenomenon=0.500
			rain_light=0.250
			rain_heavy=0.100
			snow=0.000
			blizzard=0.000
			mud=1.0
			sandstorm=0.000
			min_snow_level=0.000
		}
		period={
			between={ 0.4 30.4 }
			temperature={ 12.0 30.0 }
			temperature_day_night={ -2.0 2.0 }
			no_phenomenon=0.500
			rain_light=0.250
			rain_heavy=0.100
			snow=0.000
			blizzard=0.000
			mud=1.0
			sandstorm=0.000
			min_snow_level=0.000
		}
		period={
			between={ 0.5 29.5 }
			temperature={ 12.0 30.0 }
			temperature_day_night={ -2.0 2.0 }
			no_phenomenon=0.500
			rain_light=0.250
			rain_heavy=0.100
			snow=0.000
			blizzard=0.000
			mud=1.0
			sandstorm=0.000
			min_snow_level=0.000
		}
		period={
			between={ 0.6 30.6 }
			temperature={ 12.0 30.0 }
			temperature_day_night={ -2.0 2.0 }
			no_phenomenon=0.500
			rain_light=0.250
			rain_heavy=0.100
			snow=0.000
			blizzard=0.000
			mud=1.0
			sandstorm=0.000
			min_snow_level=0.000
		}
		period={
			between={ 0.7 30.7 }
			temperature={ 12.0 30.0 }
			temperature_day_night={ -2.0 2.0 }
			no_phenomenon=0.500
			rain_light=0.250
			rain_heavy=0.100
			snow=0.000
			blizzard=0.000
			mud=1.0
			sandstorm=0.000
			min_snow_level=0.000
		}
		period={
			between={ 0.8 29.8 }
			temperature={ 12.0 30.0 }
			temperature_day_night={ -2.0 2.0 }
			no_phenomenon=0.500
			rain_light=0.250
			rain_heavy=0.100
			snow=0.000
			blizzard=0.000
			mud=1.0
			sandstorm=0.000
			min_snow_level=0.000
		}
		period={
			between={ 0.9 30.9 }
			temperature={ 12.0 30.0 }
			temperature_day_night={ -2.0 2.0 }
			no_phenomenon=0.500
			rain_light=0.250
			rain_heavy=0.100
			snow=0.000
			blizzard=0.000
			mud=1.0
			sandstorm=0.000
			min_snow_level=0.000
		}
		period={
			between={ 0.10 29.10 }
			temperature={ 12.0 30.0 }
			temperature_day_night={ -2.0 2.0 }
			no_phenomenon=0.500
			rain_light=0.250
			rain_heavy=0.100
			snow=0.000
			blizzard=0.000
			mud=1.0
			sandstorm=0.000
			min_snow_level=0.000
		}
		period={
			between={ 0.11 30.11 }
			temperature={ 12.0 30.0 }
			temperature_day_night={ -2.0 2.0 }
			no_phenomenon=0.500
			rain_light=0.250
			rain_heavy=0.100
			snow=0.000
			blizzard=0.000
			mud=1.0
			sandstorm=0.000
			min_snow_level=0.000
		}
	}
}
