strategic_region={
	id=14
	name="STRATEGICREGION_14"
	provinces={
		212 391 575 579 971 1141 1229 1300 1677 2061 2280 2306 3827 4100 4395 4452 4652 6002 6244 6506 7274 7283 7814 8536 10764 10812 10845 10861 10902 10903 10919 10964 10995 11013 11038 11045 11081 104 256 267 516 561 623 734 1008 1035 1100 1144 1697 1700 2206 2266 2349 2566 2910 3119 3222 3297 3539 3566 3650 3654 3735 4153 4642 5284 5310 5485 5491 5523 6151 6505 6700 7684 7804 7808 8189 8245 8344 8509 10876 10956 10984 10988 10993 11021 11037 11043 11044 11075 11090 11101 11121 11153 11172 11176 11183 11185 11233 11245 11262 11275 11285 11337 11353 254 1563 2493 2604 2681 4123 4200 4364 4445 4893 5475 5850 6877 6928 8092 8227 11010 11034 11057 11088 11105 11143 11168 11184 69 440 1995 2240 2365 2508 3073 5381 5809 6589 8400 11066 11096 11111 11136 11150 11188 206 637 830 983 1853 2011 2135 2145 2732 2844 2984 3081 3726 3751 3773 3815 3836 3877 3959 4324 5314 5464 5535 5583 6671 7230 7886 7968 8056 11035 11055 11083 11120 11130 11133 11170 11175 11182 11206 11213 11223 11240 11268 11283 11321 11342 11386 164 801 930 3640 4207 5127 5445 5488 7123 7145 7219 7658 8500 11167 11200 191 504 884 1971 3199 3462 3915 4121 4377 4433 4561 5677 5740 5951 6316 6409 6968 10462 10513 10564 10622 10623 10633 10652 10665 10675 10689 10691 10701 10729 1177 1310 1809 2132 2555 4422 4483 4680 5198 5710 6203 6299 6512 6779 7059 7099 7459 8087 8137 8317 8471 10492 10517 10549 10578 10600 10685 10688 10726 10743 10797 196 352 695 881 1057 1666 2199 2407 3447 4287 4406 4535 6439 6724 6847 6939 7517 8072 8121 8265 8561 10651 10763 10796 10887 10892 10931 532 547 845 952 1040 1413 1611 1638 1705 1749 1986 2255 2278 2360 2813 3083 3509 3636 3874 3947 4014 4442 4980 5081 5201 5448 5474 5875 6661 6686 6717 6888 7287 7521 7620 7667 7911 8008 8053 10644 10645 10707 10708 10725 10746 10801 10811 10888 10889 10935 10946 10954 10955 11004 11036 15 144 409 1432 1502 2222 2605 2643 3375 4021 4188 4272 4557 4963 5461 5592 5718 6759 7760 7973 8160 8268 8355 10728 10787 10795 10825 10833 10844 10863 10893 10910 10926 10930 10941 10949 518 1150 1252 1778 1915 2064 2912 3787 6200 6223 6295 6377 7601 7641 7806 11241 11269 11322 2549 3501 3768 4285 5533 5594 11263 11264 11276 11311 11323 11326 1 611 665 1373 1744 1842 1980 2621 2629 2730 2744 3408 4073 4074 4195 4761 4847 4930 5065 5482 5530 5670 6393 6542 6753 7012 7056 8224 8252 11261 11295 11310 11325 11331 11362 11376 11382 11435 11478 11492 11509 11512 11537 11538 11550 11577 98 129 527 816 1362 1670 1710 2146 2308 2536 2567 2752 2758 2995 4065 4720 4790 5046 5426 5584 5618 5716 5816 6319 6577 6647 7705 7956 8633 11333 11343 11367 11387 11397 11430 11457 11460 11471 11485 11500 11501 11544 433 825 849 1156 2261 2506 3177 4164 4514 4748 5085 6217 6276 6391 6920 6947 7189 7257 7547 11406 11420 11424 11488 58 1025 1322 2466 3387 4577 4885 4929 4932 5011 5806 5928 6952 7569 8433 8460 11407 11466 11496 11497 11585 800 1408 1911 2178 2427 3963 4048 5115 5321 5849 7386 7851 8167 8322 11412 421 1291 1544 1883 2701 3426 3536 3652 4998 5372 6375 7380 7463 8179 11534 11545 11561 11571 11572 11599 11639 11642 11684 83 1071 1136 1860 1892 2444 3189 4156 4173 5441 5501 6463 6885 7007 7033 7530 7876 11539 11620 856 1210 1377 1625 3224 4880 5049 7383 11596 11667 11705                                                                                             	                                                          
	}
	weather={
		period={
			between={ 0.0 30.0 }
			temperature={ 12.0 30.0 }
			temperature_day_night={ -2.0 2.0 }
			no_phenomenon=0.500
			rain_light=0.250
			rain_heavy=0.100
			snow=0.000
			blizzard=0.000
			mud=1.0
			sandstorm=0.000
			min_snow_level=0.000
		}
		period={
			between={ 0.1 27.1 }
			temperature={ 12.0 30.0 }
			temperature_day_night={ -2.0 2.0 }
			no_phenomenon=0.500
			rain_light=0.250
			rain_heavy=0.100
			snow=0.000
			blizzard=0.000
			mud=1.0
			sandstorm=0.000
			min_snow_level=0.000
		}
		period={
			between={ 0.2 30.2 }
			temperature={ 12.0 30.0 }
			temperature_day_night={ -2.0 2.0 }
			no_phenomenon=0.500
			rain_light=0.250
			rain_heavy=0.100
			snow=0.000
			blizzard=0.000
			mud=1.0
			sandstorm=0.000
			min_snow_level=0.000
		}
		period={
			between={ 0.3 29.3 }
			temperature={ 12.0 30.0 }
			temperature_day_night={ -2.0 2.0 }
			no_phenomenon=0.500
			rain_light=0.250
			rain_heavy=0.100
			snow=0.000
			blizzard=0.000
			mud=1.0
			sandstorm=0.000
			min_snow_level=0.000
		}
		period={
			between={ 0.4 30.4 }
			temperature={ 12.0 30.0 }
			temperature_day_night={ -2.0 2.0 }
			no_phenomenon=0.500
			rain_light=0.250
			rain_heavy=0.100
			snow=0.000
			blizzard=0.000
			mud=1.0
			sandstorm=0.000
			min_snow_level=0.000
		}
		period={
			between={ 0.5 29.5 }
			temperature={ 12.0 30.0 }
			temperature_day_night={ -2.0 2.0 }
			no_phenomenon=0.500
			rain_light=0.250
			rain_heavy=0.100
			snow=0.000
			blizzard=0.000
			mud=1.0
			sandstorm=0.000
			min_snow_level=0.000
		}
		period={
			between={ 0.6 30.6 }
			temperature={ 12.0 30.0 }
			temperature_day_night={ -2.0 2.0 }
			no_phenomenon=0.500
			rain_light=0.250
			rain_heavy=0.100
			snow=0.000
			blizzard=0.000
			mud=1.0
			sandstorm=0.000
			min_snow_level=0.000
		}
		period={
			between={ 0.7 30.7 }
			temperature={ 12.0 30.0 }
			temperature_day_night={ -2.0 2.0 }
			no_phenomenon=0.500
			rain_light=0.250
			rain_heavy=0.100
			snow=0.000
			blizzard=0.000
			mud=1.0
			sandstorm=0.000
			min_snow_level=0.000
		}
		period={
			between={ 0.8 29.8 }
			temperature={ 12.0 30.0 }
			temperature_day_night={ -2.0 2.0 }
			no_phenomenon=0.500
			rain_light=0.250
			rain_heavy=0.100
			snow=0.000
			blizzard=0.000
			mud=1.0
			sandstorm=0.000
			min_snow_level=0.000
		}
		period={
			between={ 0.9 30.9 }
			temperature={ 12.0 30.0 }
			temperature_day_night={ -2.0 2.0 }
			no_phenomenon=0.500
			rain_light=0.250
			rain_heavy=0.100
			snow=0.000
			blizzard=0.000
			mud=1.0
			sandstorm=0.000
			min_snow_level=0.000
		}
		period={
			between={ 0.10 29.10 }
			temperature={ 12.0 30.0 }
			temperature_day_night={ -2.0 2.0 }
			no_phenomenon=0.500
			rain_light=0.250
			rain_heavy=0.100
			snow=0.000
			blizzard=0.000
			mud=1.0
			sandstorm=0.000
			min_snow_level=0.000
		}
		period={
			between={ 0.11 30.11 }
			temperature={ 12.0 30.0 }
			temperature_day_night={ -2.0 2.0 }
			no_phenomenon=0.500
			rain_light=0.250
			rain_heavy=0.100
			snow=0.000
			blizzard=0.000
			mud=1.0
			sandstorm=0.000
			min_snow_level=0.000
		}
	}
}
