strategic_region={
	id=2
	name="STRATEGICREGION_2"
	provinces={
		1732 2053 2765 2809 2993 4025 5554 5629 6668 7480 7933 7938 8195 10514 10668 402 898 3894 4948 7222 10406 10448 10508 10544 12679 3761 4851 5764 5785 7288 10401 10466 10528 1805 2123 4495 5397 7355 10413 10538 1501 4925 6701 6912 6995 7335 8432 10485 10638 436 481 2702 4994 5078 5327 5360 6264 7505 7590 7729 8455 10530 21 824 1272 3169 4002 4703 4914 4990 5101 6254 6258 7226 7964 10627 10712 10753 10799 12692 12693 766 1302 1917 3011 5013 5354 7365 8371 10857 10885 10924 10938 10999 471 2599 3214 5672 6858 10808 10824 10847 10873 10923 10943 10972 10986 382 3123 3660 5050 5591 7223 7664 11020 11032 11093 11126 11138 2246 2931 4895 5267 7317 11061 11106 11107 11114 502 620 1023 1484 1497 2173 2710 5125 6948 7985 9997 10024 10086 65 1324 6565 7067 7908 8328 9956 10040 10071 10077 10171 128 2143 5015 6061 6978 7673 286 2658 3485 3628 4060 4075 4162 5395 6831 10058 10059 10106 10125 10149 10174 10260 10270 647 3461 3537 7191 8488 10010 10100 154 1240 2211 3056 3555 4479 8556 10194 10225 10228 6373 7929 10201 226 367 1796 2742 4587 7240 7267 8158 10154 10181 10245 10262 10293 10321 4018 4776 5136 5270 10250 12689 12690 1158 1347 1804 2209 5455 5553 6861 7249 10281 10358 12675 12676 12677 12678 45 1046 4848 5325 6910 7171 7945 10205 10304 10344 4179 7614 8278 8608 10291 10343 368 420 655 2592 4310 4775 5917 7672 10383 10405 5317 6146 6889 10277 10333 10378 5612 6108 7374 10329 10384 2866 6624 7849 10278 566 812 2084 2534 2845 5096 5396 6571 6766 7953 8055 10369 10400 10415 10434 10454 12691 815 960 1448 2238 2798 2974 3505 4565 4735 5180 5253 5487 6963 6973 7153 7216 7252 7266 7421 7633 7726 7918 8149 9557 9566 9599 9644 9660 9673 9689 9693 9707 9723 9729 806 1702 1940 2100 3880 5003 5511 6127 9808 9844 9878 3459 3622 4198 4379 4968 5730 6257 8135 9783 9819 9838 876 1602 2587 4305 4471 6482 6754 7058 7692 8196 9843 9870 9883 9934 916 2414 3712 4023 5150 6156 7079 9928 9991 10064 945 4661 4973 5093 6015 7080 9948 10005 10030 2227 5467 5772 8352 8477 9939 9972 10035 10094 10129 1010 1641 1873 3223 4488 5358 7129 10373 10484 12688 877 936 1799 2509 4052 4742 4838 4954 6472 10422 10425 10435 10465 10481 10489 10490 10507 10520 10591 10608 10609 1134 2003 2118 2343 3008 3152 3401 3494 3562 3866 4772 5941 7442 7556 10523 10532 10551 10573 10625 10649 10657 10695 293 313 359 786 2356 2709 2947 3685 4626 5131 6834 6993 7082 7290 7519 7634 10587 10636 10696 10741 10758 10783 10816 731 1665 3954 4349 4964 5104 5176 5458 5963 6060 7315 7901 8459 10626 10711 10749 10780 1647 2307 2708 2987 3228 3468 3927 4756 4804 6762 6940 10768 10815 10822 10883 10900 10942 1014 1561 2557 3922 5760 6665 6783 7717 10922 10971 10978 11015 11095 1491 2353 2366 3120 3872 4350 4537 5109 6110 10823 10856 10991 1275 3257 4559 4709 5098 5609 5950 6812 8020 10848 10862 10877 558 598 1175 1183 2022 2114 2249 2578 3181 3344 4831 4901 5213 7238 7311 7617 7865 7983 8253 8511 10989 11011 11030 11064 11112 11113 11144 11177 121 5025 5447 5713 7533 7677 11067 11099 522 1624 3101 3951 5699 5757 5947 7242 10579 10580 10598 10637 10732 10791 567 2988 3867 4320 4900 4965 5623 5775 5940 6033 6706 10604 10658 10660 10667 10678 10738 10752 10836 369 548 1398 1576 1586 1779 2151 2636 3269 3757 6158 6315 7190 8326 10733 10735 10736 10807 10837 10841 10884 12680 12681 12682 12683 12684 12685 12686 12687 22 467 509 2265 2342 2593 4084 4139 4268 6466 6539 8038 8039 10831 10878 10918 10977 10985 492 998 1294 2042 4859 6635 7928 8592 10835 10916 10933 11031 1855 4141 10937 10961 10997 1044 3267 3349 4360 4607 5834 5977 7125 7419 8258 11019 11027 11135 11155 235 1340 2341 2424 3170 4221 4276 4451 5382 5800 6497 6554 11060 11146 11161 92 1906 4022 4687 7130 8041 11071 11076
	}
	weather={
		period={
			between={ 0.0 30.0 }
			temperature={ 12.0 30.0 }
			temperature_day_night={ -2.0 2.0 }
			no_phenomenon=0.500
			rain_light=0.250
			rain_heavy=0.100
			snow=0.000
			blizzard=0.000
			mud=1.0
			sandstorm=0.000
			min_snow_level=0.000
		}
		period={
			between={ 0.1 27.1 }
			temperature={ 12.0 30.0 }
			temperature_day_night={ -2.0 2.0 }
			no_phenomenon=0.500
			rain_light=0.250
			rain_heavy=0.100
			snow=0.000
			blizzard=0.000
			mud=1.0
			sandstorm=0.000
			min_snow_level=0.000
		}
		period={
			between={ 0.2 30.2 }
			temperature={ 12.0 30.0 }
			temperature_day_night={ -2.0 2.0 }
			no_phenomenon=0.500
			rain_light=0.250
			rain_heavy=0.100
			snow=0.000
			blizzard=0.000
			mud=1.0
			sandstorm=0.000
			min_snow_level=0.000
		}
		period={
			between={ 0.3 29.3 }
			temperature={ 12.0 30.0 }
			temperature_day_night={ -2.0 2.0 }
			no_phenomenon=0.500
			rain_light=0.250
			rain_heavy=0.100
			snow=0.000
			blizzard=0.000
			mud=1.0
			sandstorm=0.000
			min_snow_level=0.000
		}
		period={
			between={ 0.4 30.4 }
			temperature={ 12.0 30.0 }
			temperature_day_night={ -2.0 2.0 }
			no_phenomenon=0.500
			rain_light=0.250
			rain_heavy=0.100
			snow=0.000
			blizzard=0.000
			mud=1.0
			sandstorm=0.000
			min_snow_level=0.000
		}
		period={
			between={ 0.5 29.5 }
			temperature={ 12.0 30.0 }
			temperature_day_night={ -2.0 2.0 }
			no_phenomenon=0.500
			rain_light=0.250
			rain_heavy=0.100
			snow=0.000
			blizzard=0.000
			mud=1.0
			sandstorm=0.000
			min_snow_level=0.000
		}
		period={
			between={ 0.6 30.6 }
			temperature={ 12.0 30.0 }
			temperature_day_night={ -2.0 2.0 }
			no_phenomenon=0.500
			rain_light=0.250
			rain_heavy=0.100
			snow=0.000
			blizzard=0.000
			mud=1.0
			sandstorm=0.000
			min_snow_level=0.000
		}
		period={
			between={ 0.7 30.7 }
			temperature={ 12.0 30.0 }
			temperature_day_night={ -2.0 2.0 }
			no_phenomenon=0.500
			rain_light=0.250
			rain_heavy=0.100
			snow=0.000
			blizzard=0.000
			mud=1.0
			sandstorm=0.000
			min_snow_level=0.000
		}
		period={
			between={ 0.8 29.8 }
			temperature={ 12.0 30.0 }
			temperature_day_night={ -2.0 2.0 }
			no_phenomenon=0.500
			rain_light=0.250
			rain_heavy=0.100
			snow=0.000
			blizzard=0.000
			mud=1.0
			sandstorm=0.000
			min_snow_level=0.000
		}
		period={
			between={ 0.9 30.9 }
			temperature={ 12.0 30.0 }
			temperature_day_night={ -2.0 2.0 }
			no_phenomenon=0.500
			rain_light=0.250
			rain_heavy=0.100
			snow=0.000
			blizzard=0.000
			mud=1.0
			sandstorm=0.000
			min_snow_level=0.000
		}
		period={
			between={ 0.10 29.10 }
			temperature={ 12.0 30.0 }
			temperature_day_night={ -2.0 2.0 }
			no_phenomenon=0.500
			rain_light=0.250
			rain_heavy=0.100
			snow=0.000
			blizzard=0.000
			mud=1.0
			sandstorm=0.000
			min_snow_level=0.000
		}
		period={
			between={ 0.11 30.11 }
			temperature={ 12.0 30.0 }
			temperature_day_night={ -2.0 2.0 }
			no_phenomenon=0.500
			rain_light=0.250
			rain_heavy=0.100
			snow=0.000
			blizzard=0.000
			mud=1.0
			sandstorm=0.000
			min_snow_level=0.000
		}
	}
}
