strategic_region={
	id=20
	name="STRATEGICREGION_20"
	provinces={
		 441 460 1372 2465 2937 2961 2972 3043 3324 6469 7877 8626 10721 10778 10790 10792 10819 10843 10894 10 270 765 935 1426 1615 4015 4517 5126 5607 5888 5986 6387 6446 7339 8294 8298 10394 10461 10505 10519 10575 10596 10602 10632 88 230 242 251 1113 1166 1890 2296 2634 3005 3178 3425 3629 4429 4667 5039 5169 5966 6072 6144 6549 6676 6782 7660 8291 10480 10501 10509 10512 10547 10563 10589 10614 10650 10680 10698 10699 10714 10716 10720 10762 10781 10829 10839 622 901 1139 2163 2237 2478 2520 2690 2856 2884 2891 3272 4618 4927 4957 6613 6873 8238 8394 10693 10722 10734 10756 10773 10810 10821 10850 10896 68 757 886 1559 1950 2569 2789 2899 3242 3262 4076 4251 4540 5225 5968 6833 7282 7481 7785 7828 9694 9721 157 394 424 542 708 1308 1567 2633 3482 3723 6065 6433 7303 7825 8600 9563 9564 9565 9594 9620 9652 9760 89 456 1152 2504 3419 3767 3808 3829 4323 5022 5087 6011 6290 7336 7562 8522 9734 9754 9768 9785 9812 9833 9876 186 243 474 826 917 1441 1680 1735 2099 2492 2513 2712 3128 3171 3186 3666 4096 4227 4318 5110 5117 5495 5695 5741 5916 5939 6071 6139 6538 6876 7152 7275 9732 9786 9835 9861 9864 9874 9897 9899 9913 9914 9931 9970 9974 9981 9988 10012 10032 10066 678 1227 1232 1485 2130 2386 2653 2775 3378 3564 3690 3920 4136 4811 5379 5808 6785 6832 6837 6842 6914 7093 7444 8237 8417 9822 9834 9867 9912 9930 9979 10008 10026 10053 10141 169 885 893 979 1247 1318 1389 1401 1597 2165 2226 2608 3410 3510 3717 3779 3964 4038 4087 4115 4155 4211 4314 4335 6001 6035 6262 6397 7567 7570 7649 7897 7923 7974 8105 8404 8461 9872 9880 9885 9945 9950 9989 10057 10062 393 775 1321 1331 1763 2035 2239 2759 2820 2860 4140 4638 4937 6616 6806 6886 7161 7260 7346 7486 7746 8190 9853 9881 9884 9896 9954 9980 10000 10003 10083 10110 10127 356 764 817 1020 1173 1327 1496 1787 2033 2149 2387 2521 2635 3017 3503 3624 4159 4254 4258 4303 4579 4803 5417 5500 5821 5962 6165 6248 6649 6667 6922 7243 7730 10080 10128 10133 10173 10186 10214 10218 10288 10292 10296 10330 10342 10391 10403 10456 450 807 969 1181 2142 3065 3088 3266 3516 4591 4631 4717 4829 4931 5281 5288 5432 5446 5570 6323 6327 6969 7019 7247 7343 7770 7954 10104 10111 10142 10179 10203 10273 10309 10356 10389 10412 10455 10458 1188 1594 1695 2072 2185 2254 2994 3533 4674 5574 5994 6840 7616 7967 10146 10172 10248 10302 10346 10396 10397 10440 10446 557 1238 1437 2966 4242 4255 4309 4375 4609 5513 5723 5790 6185 6384 7618 7772 10184 10185 10190 10208 10240 10313 748 878 1048 1447 1978 2049 2647 2982 3038 3300 3455 3486 3521 3589 3859 4008 4558 4650 4732 5243 5492 5522 6820 7364 7500 7573 7927 8498 8610 10251 10363 10443 10451 10506 10516 10548 10557 10567 10584 10605 10664 10724 10770 446 1378 1723 1907 2039 2066 2546 2656 2764 3801 4875 5099 5233 5247 5537 6085 6500 6575 7229 7429 7452 8002 8111 8451 10381 10457 10479 10552 10553 10576 10577                                                                                                                                                                                 	        
	}
	weather={
		period={
			between={ 0.0 30.0 }
			temperature={ 12.0 30.0 }
			temperature_day_night={ -2.0 2.0 }
			no_phenomenon=0.500
			rain_light=0.250
			rain_heavy=0.100
			snow=0.000
			blizzard=0.000
			mud=1.0
			sandstorm=0.000
			min_snow_level=0.000
		}
		period={
			between={ 0.1 27.1 }
			temperature={ 12.0 30.0 }
			temperature_day_night={ -2.0 2.0 }
			no_phenomenon=0.500
			rain_light=0.250
			rain_heavy=0.100
			snow=0.000
			blizzard=0.000
			mud=1.0
			sandstorm=0.000
			min_snow_level=0.000
		}
		period={
			between={ 0.2 30.2 }
			temperature={ 12.0 30.0 }
			temperature_day_night={ -2.0 2.0 }
			no_phenomenon=0.500
			rain_light=0.250
			rain_heavy=0.100
			snow=0.000
			blizzard=0.000
			mud=1.0
			sandstorm=0.000
			min_snow_level=0.000
		}
		period={
			between={ 0.3 29.3 }
			temperature={ 12.0 30.0 }
			temperature_day_night={ -2.0 2.0 }
			no_phenomenon=0.500
			rain_light=0.250
			rain_heavy=0.100
			snow=0.000
			blizzard=0.000
			mud=1.0
			sandstorm=0.000
			min_snow_level=0.000
		}
		period={
			between={ 0.4 30.4 }
			temperature={ 12.0 30.0 }
			temperature_day_night={ -2.0 2.0 }
			no_phenomenon=0.500
			rain_light=0.250
			rain_heavy=0.100
			snow=0.000
			blizzard=0.000
			mud=1.0
			sandstorm=0.000
			min_snow_level=0.000
		}
		period={
			between={ 0.5 29.5 }
			temperature={ 12.0 30.0 }
			temperature_day_night={ -2.0 2.0 }
			no_phenomenon=0.500
			rain_light=0.250
			rain_heavy=0.100
			snow=0.000
			blizzard=0.000
			mud=1.0
			sandstorm=0.000
			min_snow_level=0.000
		}
		period={
			between={ 0.6 30.6 }
			temperature={ 12.0 30.0 }
			temperature_day_night={ -2.0 2.0 }
			no_phenomenon=0.500
			rain_light=0.250
			rain_heavy=0.100
			snow=0.000
			blizzard=0.000
			mud=1.0
			sandstorm=0.000
			min_snow_level=0.000
		}
		period={
			between={ 0.7 30.7 }
			temperature={ 12.0 30.0 }
			temperature_day_night={ -2.0 2.0 }
			no_phenomenon=0.500
			rain_light=0.250
			rain_heavy=0.100
			snow=0.000
			blizzard=0.000
			mud=1.0
			sandstorm=0.000
			min_snow_level=0.000
		}
		period={
			between={ 0.8 29.8 }
			temperature={ 12.0 30.0 }
			temperature_day_night={ -2.0 2.0 }
			no_phenomenon=0.500
			rain_light=0.250
			rain_heavy=0.100
			snow=0.000
			blizzard=0.000
			mud=1.0
			sandstorm=0.000
			min_snow_level=0.000
		}
		period={
			between={ 0.9 30.9 }
			temperature={ 12.0 30.0 }
			temperature_day_night={ -2.0 2.0 }
			no_phenomenon=0.500
			rain_light=0.250
			rain_heavy=0.100
			snow=0.000
			blizzard=0.000
			mud=1.0
			sandstorm=0.000
			min_snow_level=0.000
		}
		period={
			between={ 0.10 29.10 }
			temperature={ 12.0 30.0 }
			temperature_day_night={ -2.0 2.0 }
			no_phenomenon=0.500
			rain_light=0.250
			rain_heavy=0.100
			snow=0.000
			blizzard=0.000
			mud=1.0
			sandstorm=0.000
			min_snow_level=0.000
		}
		period={
			between={ 0.11 30.11 }
			temperature={ 12.0 30.0 }
			temperature_day_night={ -2.0 2.0 }
			no_phenomenon=0.500
			rain_light=0.250
			rain_heavy=0.100
			snow=0.000
			blizzard=0.000
			mud=1.0
			sandstorm=0.000
			min_snow_level=0.000
		}
	}
}
