strategic_region={
	id=22
	name="STRATEGICREGION_22"
	provinces={
		2399 3136 4357 4477 5503 6376 6562 10380 10407 577 2469 2801 4595 5367 5733 10393 10402 10410 10428 10429 448 1699 2047 2894 4146 4632 5061 8251 10372 10418 10450 202 210 1230 1338 1878 1923 2164 5660 6249 6308 6438 7512 7548 7879 7995 8204 9424 9464 9485 9498 9573 9606 9607 9616 9628 9651 9767 342 562 1103 1131 1684 1798 2419 3002 3179 3647 4059 4165 4882 5954 6471 7077 7205 7585 8019 8085 8310 9444 9457 9474 9500 9508 9510 9527 9533 9547 9553 600 793 1041 2108 3358 3747 4802 6051 6860 7425 8143 8619 9507 9581 9670 630 1800 2314 3637 3852 4130 4278 4654 6020 7085 7181 7418 7665 7685 7844 8347 9483 9518 9526 9559 9593 9602 9604 9650 9690 6416 7925 12916 82 219 315 388 3529 4161 4480 7741 7867 9603 9662 9665 9675 9709 9725 12911 12912 24 47 572 638 1128 1450 2433 2736 2917 3513 3776 4263 4555 4795 4814 5342 5687 7170 7643 9605 9613 9624 9627 9635 9640 9661 9688 9697 9730 9738 9766 9769 875 1741 3161 3667 4405 6423 6977 7022 7307 8207 9622 12908 419 991 4431 5071 6544 8091 12902 142 218 1621 3248 4343 6352 6411 7004 8246 8336 9703 9719 9810 9866 9906 12903 1655 1737 2847 3202 3559 3944 3950 4769 5804 5913 6605 6606 7011 8148 8340 9796 2385 3003 3333 4294 4393 5033 5693 6082 7357 8192 8508 9748 9855 9942 9993 298 741 1077 1552 1960 2533 4133 4172 5650 5796 5831 5833 7331 8288 9737 9784 9800 9847 9854 9871 9879 9894 9964 9973 222 1912 2397 4370 4499 4573 4985 5235 5870 6113 8534 9773 9779 9823 9846 12910 941 1337 1881 2137 2626 2904 5735 8244 9731 9801 9803 9811 9832 1785 2070 3244 5181 5228 5528 6132 7158 9817 9859 9888 9944 9960 10065 12913 351 386 489 759 1137 1461 1462 1558 1719 1844 1964 4027 4312 4321 4663 4905 6792 6960 9828 9891 9895 9904 9909 9949 10031 10036 10056 660 1015 1213 2852 3121 4331 6611 7472 7940 8004 8183 9831 9921 9929 9940 10002 39 50 269 628 1512 2428 2869 3188 3828 3886 4209 4466 4752 5335 5671 5729 6492 6578 7351 7646 7722 7774 8594 9922 10025 10037 10044 10048 10061 10090 10109 10150 10196 10235 10243 10264 10282 10300 10316 10323 10334 12905 12907 12917 437 1201 2550 2760 2905 3046 5519 6380 6470 7413 7651 7752 9984 10043 10326 475 491 1039 2175 2665 3007 3010 4300 4453 4959 5573 5588 5604 5830 5901 6902 8315 8580 9941 10072 10103 10137 10191 10231 10236 10239 10301 10341 805 3689 5661 9965 10011 12906 1217 1894 2096 2358 2467 2980 3352 4673 5224 6839 7291 7321 7510 7732 8250 9992 10162 10167 10183 10230 10287 232 550 2737 2870 3006 3458 3641 4513 5005 6149 7621 7861 7966 10021 10082 10117 10156 10163 10176 10197 10224 10265 10271 10362 12914 1007 1412 1973 2244 2956 3934 4765 5558 6255 6268 6537 7210 7868 10007 10126 1516 1788 1802 2160 2214 2488 3843 4304 4413 5217 7095 7184 7565 7997 8411 8560 10068 10227 10272 10352 10354 12915 1388 1849 2322 2364 2405 3553 4190 5149 6140 6320 10052 10055 10114 10195 10242 239 3112 3243 3765 6805 8254 10175 10213 10217 10258 10259 10295 12918 483 538 2119 2131 2154 3309 3466 3581 3699 4754 4992 5004 5478 5824 6042 6201 6887 7835 8493 9412 9429 9451 9491 9586 9588 12904                  	                                                                                                                                                                         
	}
	weather={
		period={
			between={ 0.0 30.0 }
			temperature={ 12.0 30.0 }
			temperature_day_night={ -2.0 2.0 }
			no_phenomenon=0.500
			rain_light=0.250
			rain_heavy=0.100
			snow=0.000
			blizzard=0.000
			mud=1.0
			sandstorm=0.000
			min_snow_level=0.000
		}
		period={
			between={ 0.1 27.1 }
			temperature={ 12.0 30.0 }
			temperature_day_night={ -2.0 2.0 }
			no_phenomenon=0.500
			rain_light=0.250
			rain_heavy=0.100
			snow=0.000
			blizzard=0.000
			mud=1.0
			sandstorm=0.000
			min_snow_level=0.000
		}
		period={
			between={ 0.2 30.2 }
			temperature={ 12.0 30.0 }
			temperature_day_night={ -2.0 2.0 }
			no_phenomenon=0.500
			rain_light=0.250
			rain_heavy=0.100
			snow=0.000
			blizzard=0.000
			mud=1.0
			sandstorm=0.000
			min_snow_level=0.000
		}
		period={
			between={ 0.3 29.3 }
			temperature={ 12.0 30.0 }
			temperature_day_night={ -2.0 2.0 }
			no_phenomenon=0.500
			rain_light=0.250
			rain_heavy=0.100
			snow=0.000
			blizzard=0.000
			mud=1.0
			sandstorm=0.000
			min_snow_level=0.000
		}
		period={
			between={ 0.4 30.4 }
			temperature={ 12.0 30.0 }
			temperature_day_night={ -2.0 2.0 }
			no_phenomenon=0.500
			rain_light=0.250
			rain_heavy=0.100
			snow=0.000
			blizzard=0.000
			mud=1.0
			sandstorm=0.000
			min_snow_level=0.000
		}
		period={
			between={ 0.5 29.5 }
			temperature={ 12.0 30.0 }
			temperature_day_night={ -2.0 2.0 }
			no_phenomenon=0.500
			rain_light=0.250
			rain_heavy=0.100
			snow=0.000
			blizzard=0.000
			mud=1.0
			sandstorm=0.000
			min_snow_level=0.000
		}
		period={
			between={ 0.6 30.6 }
			temperature={ 12.0 30.0 }
			temperature_day_night={ -2.0 2.0 }
			no_phenomenon=0.500
			rain_light=0.250
			rain_heavy=0.100
			snow=0.000
			blizzard=0.000
			mud=1.0
			sandstorm=0.000
			min_snow_level=0.000
		}
		period={
			between={ 0.7 30.7 }
			temperature={ 12.0 30.0 }
			temperature_day_night={ -2.0 2.0 }
			no_phenomenon=0.500
			rain_light=0.250
			rain_heavy=0.100
			snow=0.000
			blizzard=0.000
			mud=1.0
			sandstorm=0.000
			min_snow_level=0.000
		}
		period={
			between={ 0.8 29.8 }
			temperature={ 12.0 30.0 }
			temperature_day_night={ -2.0 2.0 }
			no_phenomenon=0.500
			rain_light=0.250
			rain_heavy=0.100
			snow=0.000
			blizzard=0.000
			mud=1.0
			sandstorm=0.000
			min_snow_level=0.000
		}
		period={
			between={ 0.9 30.9 }
			temperature={ 12.0 30.0 }
			temperature_day_night={ -2.0 2.0 }
			no_phenomenon=0.500
			rain_light=0.250
			rain_heavy=0.100
			snow=0.000
			blizzard=0.000
			mud=1.0
			sandstorm=0.000
			min_snow_level=0.000
		}
		period={
			between={ 0.10 29.10 }
			temperature={ 12.0 30.0 }
			temperature_day_night={ -2.0 2.0 }
			no_phenomenon=0.500
			rain_light=0.250
			rain_heavy=0.100
			snow=0.000
			blizzard=0.000
			mud=1.0
			sandstorm=0.000
			min_snow_level=0.000
		}
		period={
			between={ 0.11 30.11 }
			temperature={ 12.0 30.0 }
			temperature_day_night={ -2.0 2.0 }
			no_phenomenon=0.500
			rain_light=0.250
			rain_heavy=0.100
			snow=0.000
			blizzard=0.000
			mud=1.0
			sandstorm=0.000
			min_snow_level=0.000
		}
	}
}
