strategic_region={
	id=24
	name="STRATEGICREGION_24"
	provinces={
		1033 2140 2720 3240 6166 8220 10739 193 1281 1607 1746 2192 2350 2781 4373 4562 5753 8130 8604 10359 10385 10452 10469 12920 12921 1418 1630 1939 2531 5463 5874 5944 6186 7544 8284 10417 10495 10529 12931 140 2617 3044 3611 5378 5953 6518 7639 7712 8486 8539 10322 10339 10376 10503 10569 12922 12923 12924 12925 12927 714 1425 1657 1829 1867 2037 2282 3900 3903 4353 4403 6050 7788 8468 10533 10543 10555 10592 10617 10697 10705 5122 5443 5586 8274 10671 301 730 1063 1123 1786 5302 5915 6025 6159 6297 7552 7716 8152 8636 10588 10661 10683 10700 10794 10803 10817 932 1018 1028 1909 3420 4550 5527 7450 8606 10692 10709 10754 10788 12926 12944 141 487 1283 1701 1791 2083 3634 3858 4090 4860 5626 6077 6251 6645 6884 7040 7998 9463 9515 9702 9778 9793 9953 1454 1714 1721 1780 1851 1988 2103 2402 2446 2678 2938 3220 3584 3706 3711 4384 4865 5245 5351 5563 6496 6603 7416 7520 7663 8549 8624 9509 9551 9657 9664 9724 9747 9839 9863 9898 9958 10050 265 1080 1681 1987 1997 2761 2925 3384 4017 4143 4313 5079 5282 5817 6135 6906 7312 7526 7635 8616 9545 9548 9558 9600 9674 9678 12934 12935 12936 12937 12938 454 729 780 1079 2394 3646 4753 4817 5083 5728 6430 6507 6620 7431 7507 9514 9741 12939 327 861 1000 1566 2337 2683 3350 3542 3638 3834 3848 4289 4625 5353 5562 6237 7164 7738 7847 8357 8443 9497 9585 9630 9669 9679 9809 9890 9903 9919 9968 9969 10108 2310 2624 3124 4658 5216 5867 5921 7052 7575 8589 9873 4589 5062 6986 7989 1088 2092 2540 9708 9716 9798 390 414 531 699 739 864 1068 1242 1589 2270 2439 2911 3000 4120 4208 4264 4906 4921 5276 5505 6008 6631 6656 6699 6921 7091 7697 7747 7757 7856 8297 8368 9788 9820 9851 9858 9959 10038 10051 10078 10097 10119 10120 10160 10182 10189 1174 1652 3040 5074 5860 6005 7675 7981 9850 9905 9957 10006 10020 2460 3851 5337 7479 8101 9967 12933 7268 7495 9845 9852 155 378 408 1656 2065 3256 3784 4108 4259 5380 6101 6674 9911 9978 9998 10014 10087 10098 10206 10238 10268 12930 99 10145 822 1043 2642 2755 3518 4454 4525 4686 4936 5140 7391 7827 8381 10060 10136 10159 10211 10246 397 1065 1403 1698 2040 3246 4456 7024 7045 10113 10188 10233 10252 236 510 1149 2229 3413 8256 8466 10096 10102 10140 2409 2986 10256 12929 12 324 690 953 1767 2351 2485 2668 3432 3741 3753 4567 4599 4700 5006 5260 5265 5275 5617 5637 5786 6114 6150 6694 6776 7750 7878 10155 10207 10269 10286 10470 10511 10531 10560 10630 10659 10717 12932 599 672 911 2126 2976 3594 3733 3917 4286 4368 5277 5456 5664 5840 6053 6236 6955 7010 7503 7582 10229 10263 10477 10478 10496 10672 10687 10750 10767 2971 7064 7706 617 715 1564 2134 2167 2679 2783 3172 3598 3807 4511 4698 6214 6278 6504 7177 7236 7273 8350 10234 10257 10279 10324 10349 10360 10365 10370 10504 296 779 1030 1266 2523 2799 3325 4605 4909 5359 6064 6410 6897 7475 7513 7864 8169 9268 9387 9406 796 1519 2660 2816 2877 3605 4041 5191 5449 5674 5767 6602 6746 8506 9293 9305 9419 9443 9454 12942 1696 3849 4077 5425 8504 9259 9317 12940 12941 1246 1706 2410 3580 4009 5431 7411 8586 9263 9279 9342 9375 570 832 858 3405 4768 5812 6735 7471 7944 8191 9314 66 312 970 1096 1126 1203 1243 1936 2253 2418 3004 3302 3653 3762 3907 3911 4044 4826 5639 5811 5922 6243 6435 6476 6934 7115 7325 7787 8046 8115 8150 8425 9379 9388 9416 9465 9499 9540 9552 9631 9649 9686 9704 9717 9759 9775 642 837 1751 2556 4793 6527 6711 7286 7661 8423 9367 9410 9422 9456 9468 434 609 1446 2542 2829 4689 5387 6824 9376 9411 9415                                                    
	}
	weather={
		period={
			between={ 0.0 30.0 }
			temperature={ 12.0 30.0 }
			temperature_day_night={ -2.0 2.0 }
			no_phenomenon=0.500
			rain_light=0.250
			rain_heavy=0.100
			snow=0.000
			blizzard=0.000
			mud=1.0
			sandstorm=0.000
			min_snow_level=0.000
		}
		period={
			between={ 0.1 27.1 }
			temperature={ 12.0 30.0 }
			temperature_day_night={ -2.0 2.0 }
			no_phenomenon=0.500
			rain_light=0.250
			rain_heavy=0.100
			snow=0.000
			blizzard=0.000
			mud=1.0
			sandstorm=0.000
			min_snow_level=0.000
		}
		period={
			between={ 0.2 30.2 }
			temperature={ 12.0 30.0 }
			temperature_day_night={ -2.0 2.0 }
			no_phenomenon=0.500
			rain_light=0.250
			rain_heavy=0.100
			snow=0.000
			blizzard=0.000
			mud=1.0
			sandstorm=0.000
			min_snow_level=0.000
		}
		period={
			between={ 0.3 29.3 }
			temperature={ 12.0 30.0 }
			temperature_day_night={ -2.0 2.0 }
			no_phenomenon=0.500
			rain_light=0.250
			rain_heavy=0.100
			snow=0.000
			blizzard=0.000
			mud=1.0
			sandstorm=0.000
			min_snow_level=0.000
		}
		period={
			between={ 0.4 30.4 }
			temperature={ 12.0 30.0 }
			temperature_day_night={ -2.0 2.0 }
			no_phenomenon=0.500
			rain_light=0.250
			rain_heavy=0.100
			snow=0.000
			blizzard=0.000
			mud=1.0
			sandstorm=0.000
			min_snow_level=0.000
		}
		period={
			between={ 0.5 29.5 }
			temperature={ 12.0 30.0 }
			temperature_day_night={ -2.0 2.0 }
			no_phenomenon=0.500
			rain_light=0.250
			rain_heavy=0.100
			snow=0.000
			blizzard=0.000
			mud=1.0
			sandstorm=0.000
			min_snow_level=0.000
		}
		period={
			between={ 0.6 30.6 }
			temperature={ 12.0 30.0 }
			temperature_day_night={ -2.0 2.0 }
			no_phenomenon=0.500
			rain_light=0.250
			rain_heavy=0.100
			snow=0.000
			blizzard=0.000
			mud=1.0
			sandstorm=0.000
			min_snow_level=0.000
		}
		period={
			between={ 0.7 30.7 }
			temperature={ 12.0 30.0 }
			temperature_day_night={ -2.0 2.0 }
			no_phenomenon=0.500
			rain_light=0.250
			rain_heavy=0.100
			snow=0.000
			blizzard=0.000
			mud=1.0
			sandstorm=0.000
			min_snow_level=0.000
		}
		period={
			between={ 0.8 29.8 }
			temperature={ 12.0 30.0 }
			temperature_day_night={ -2.0 2.0 }
			no_phenomenon=0.500
			rain_light=0.250
			rain_heavy=0.100
			snow=0.000
			blizzard=0.000
			mud=1.0
			sandstorm=0.000
			min_snow_level=0.000
		}
		period={
			between={ 0.9 30.9 }
			temperature={ 12.0 30.0 }
			temperature_day_night={ -2.0 2.0 }
			no_phenomenon=0.500
			rain_light=0.250
			rain_heavy=0.100
			snow=0.000
			blizzard=0.000
			mud=1.0
			sandstorm=0.000
			min_snow_level=0.000
		}
		period={
			between={ 0.10 29.10 }
			temperature={ 12.0 30.0 }
			temperature_day_night={ -2.0 2.0 }
			no_phenomenon=0.500
			rain_light=0.250
			rain_heavy=0.100
			snow=0.000
			blizzard=0.000
			mud=1.0
			sandstorm=0.000
			min_snow_level=0.000
		}
		period={
			between={ 0.11 30.11 }
			temperature={ 12.0 30.0 }
			temperature_day_night={ -2.0 2.0 }
			no_phenomenon=0.500
			rain_light=0.250
			rain_heavy=0.100
			snow=0.000
			blizzard=0.000
			mud=1.0
			sandstorm=0.000
			min_snow_level=0.000
		}
	}
}