strategic_region={
	id=3
	name="STRATEGICREGION_3"
	provinces={
		31 134 173 2216 3473 4791 5598 6398 6908 7454 7636 8646 8647 8657 1596 3249 3949 4288 5471 5929 6137 6954 7087 7195 7993 8651 8660 8664 8671 8674 8690 138 334 495 777 948 1066 1155 1218 1556 1575 2323 2484 3158 3875 3884 4799 5028 5238 6178 6230 6813 6932 8431 8528 8545 8656 8661 8667 8669 8670 8677 8678 8679 8682 8695 60 1538 1899 2413 2562 2591 2882 3183 3330 3444 3782 4731 4827 6415 6985 7016 7228 7392 7930 7943 8518 8582 8683 8694 758 988 1332 1518 1914 2890 3025 3226 3519 4616 6559 6646 6857 7379 8691 8696 8697 8712 8715 8721 8728 8731 8739 528 624 711 1550 1861 2435 2437 2627 3935 4145 5911 6190 6294 6669 6927 8083 8293 8330 8478 8702 8705 8711 8716 8717 8725 8730 8754 417 1157 1264 2457 2981 3679 5854 6247 6533 6583 7308 8122 8713 8714 8724 8733 8745 398 1660 2005 3057 3355 4612 4884 5472 6238 6654 6741 7502 7584 8707 8709 8729 8735 8737 534 996 1667 2000 2423 2639 3273 3578 3730 3756 4647 5209 5348 5910 6235 6617 6659 6709 6797 6879 7356 7695 7961 8006 8519 8686 8689 8692 8698 8699 8700 8706 8708 8723 8736 8746 8755 365 985 2085 2462 3995 4271 4491 4629 4780 5524 6022 7846 8452 8704 8720 8722 8732 8740 8751 8762 32 847 1093 2077 2081 3507 3809 4042 4260 4470 4710 4778 5891 5978 6420 6732 6890 7117 7207 8622 8749 8756 8778 8783 8789 8798 8833 8850 8855 8877 71 668 1199 1765 2220 2518 2611 2688 3174 4346 4572 5429 6737 6850 7883 8458 8748 8774 8786 8787 8803 8822 8826 8837 8840 8865 278 643 1145 1354 1521 1590 1808 2264 2999 3633 3988 4892 5269 5961 7021 7882 8757 8788 8797 8813 8830 8844 8852 8862 8871 61 537 968 1146 1591 2934 3812 5272 5614 5826 5898 5902 6312 6770 7313 7687 8801 8816 8843 663 873 2797 3221 4177 5371 7111 8023 8768 8782 8790 8804 785 1349 2579 3427 4874 4896 5010 5287 6747 7525 8771 8781 8793 8811 8814 8828 1255 2396 4646 6024 6134 6293 6525 7234 8815 8825 8835 8845 8856 8863 8867 8875 67 188 485 717 1074 3346 3664 4820 5105 5700 5736 6958 7296 7640 8571 8823 8849 8854 8882 8890 8895 244 277 587 1089 1214 3277 4290 4852 6859 7723 8872 8887 8924 8925 2357 2603 4262 6528 6691 6900 8864 8901 8911 1168 1471 1481 2180 2664 3615 4127 4297 6003 6225 8260 8873 8879 8881 8892 8894 8898 8910 8913 8921 8935 8954 430 488 626 2088 2703 2865 4367 4521 5319 6239 6365 6390 6795 7403 8874 8902 8905 8926 662 1458 2104 3009 3041 3818 4785 5274 5560 5631 6263 6696 6856 6941 7166 7686 8564 8897 8934 8941 8960 8973 8983 8989 8997 9001 9018 9032 736 1439 1756 1935 3060 3403 3621 4669 6021 6126 6155 7142 7159 7775 8045 8896 8918 8927 8933 8940 9029 9033 56 1016 1186 1241 1296 3031 3062 3108 3561 3895 4219 5142 5154 5731 6629 6757 6763 6933 7009 7039 7263 7460 7759 8527 8530 8579 8581 9053 9104 9122 9141 9148 9167 9205 9217 117 453 1280 1866 2046 2194 2395 2871 2915 3126 3525 4098 4332 4374 4467 4570 4821 5635 5724 6284 6521 6945 8117 9299 9313 9335 9362 9390 9404 9405 9462 9470 9477 9490 9522 9568 175 578 1782 2236 4032 4067 4340 4891 5749 7880 8277 8577 8936 8955 8970 8977 8988 8996 479 653 1718 2751 3446 4440 5644 8938 8939 8966 8985 8994 636 1325 1453 1633 2062 5064 5212 5440 6118 6678 7725 8613 8980 9041 9047 9061 253 606 2510 3051 3409 5340 5919 6043 6916 7612 8605 8965 1260 2554 2655 3602 4741 6440 7810 8555 8979 9007 9013 2389 3212 3588 5575 6867 6988 7728 7740 9022 9025 9035 9046 9070 9074 9100 9118 1551 1772 1937 2602 4441 4943 5172 6637 6748 6975 7105 7148 8210 9017 9075 9095 9098 9107 9154 568 1583 1743 3924 4006 4109 5330 6442 7816 8437 9078 9083 9103 9106 9110 794 1162 2196 3543 3817 3893 4026 6167 7598 7709 7784 9044 9069 9101 9129 9139 9150 9165 9193 2295 2411 2979 4639 5347 7600 8440 9116 9130 9173 1098 1107 1863 2779 4266 4615 5146 5459 7628 7629 9127 9151 9176 9199 9209 962 1067 2001 3361 3825 6270 7516 8107 8596 9137 9156 9174 9196 146 340 1108 1900 2442 3206 3321 3662 4072 4653 5680 7316 9168 9240 14 603 2112 5159 6853 7101 7122 7192 7782 9201 9221 9228 9255 9283 9288 9307 1924 2301 3245 3579 6125 6898 7936 8290 9220 9235 9236 9258 9277 9284 9312 927 1530 2623 2814 3105 3883 3957 4519 4908 6474 6693 7345 8353 8638 8639 8640 8641 8643 905 1513 2659 2949 3822 4196 4662 5218 5989 6219 7180 7389 7932 8267 8397 8648 8653 8654 8655 8659 738 1979 2025 2197 2335 3020 3312 3979 3993 4911 4918 5059 5177 6362 7441 8356 8666 8668 8675 8680 8687 49 514 694 2384 3139 4253 8673 8684 8685 8688 871 1292 1314 1797 2008 2345 3176 3593 4767 6198 6355 7360 8649 8650 8658 8663 1609 2263 3185 3996 4236 5018 5534 6473 7762 8212 8642 8644 8645 8652 8662 8665 556 1703 1789 2503 2921 4490 4816 5294 6028 6612 8672 8676 8681 288 294 2705 2962 4808 5120 5638 8693 8701 8703 8710 8718 8719 8726 8738    
	}
	weather={
		period={
			between={ 0.0 30.0 }
			temperature={ 12.0 30.0 }
			temperature_day_night={ -2.0 2.0 }
			no_phenomenon=0.500
			rain_light=0.250
			rain_heavy=0.100
			snow=0.000
			blizzard=0.000
			mud=1.0
			sandstorm=0.000
			min_snow_level=0.000
		}
		period={
			between={ 0.1 27.1 }
			temperature={ 12.0 30.0 }
			temperature_day_night={ -2.0 2.0 }
			no_phenomenon=0.500
			rain_light=0.250
			rain_heavy=0.100
			snow=0.000
			blizzard=0.000
			mud=1.0
			sandstorm=0.000
			min_snow_level=0.000
		}
		period={
			between={ 0.2 30.2 }
			temperature={ 12.0 30.0 }
			temperature_day_night={ -2.0 2.0 }
			no_phenomenon=0.500
			rain_light=0.250
			rain_heavy=0.100
			snow=0.000
			blizzard=0.000
			mud=1.0
			sandstorm=0.000
			min_snow_level=0.000
		}
		period={
			between={ 0.3 29.3 }
			temperature={ 12.0 30.0 }
			temperature_day_night={ -2.0 2.0 }
			no_phenomenon=0.500
			rain_light=0.250
			rain_heavy=0.100
			snow=0.000
			blizzard=0.000
			mud=1.0
			sandstorm=0.000
			min_snow_level=0.000
		}
		period={
			between={ 0.4 30.4 }
			temperature={ 12.0 30.0 }
			temperature_day_night={ -2.0 2.0 }
			no_phenomenon=0.500
			rain_light=0.250
			rain_heavy=0.100
			snow=0.000
			blizzard=0.000
			mud=1.0
			sandstorm=0.000
			min_snow_level=0.000
		}
		period={
			between={ 0.5 29.5 }
			temperature={ 12.0 30.0 }
			temperature_day_night={ -2.0 2.0 }
			no_phenomenon=0.500
			rain_light=0.250
			rain_heavy=0.100
			snow=0.000
			blizzard=0.000
			mud=1.0
			sandstorm=0.000
			min_snow_level=0.000
		}
		period={
			between={ 0.6 30.6 }
			temperature={ 12.0 30.0 }
			temperature_day_night={ -2.0 2.0 }
			no_phenomenon=0.500
			rain_light=0.250
			rain_heavy=0.100
			snow=0.000
			blizzard=0.000
			mud=1.0
			sandstorm=0.000
			min_snow_level=0.000
		}
		period={
			between={ 0.7 30.7 }
			temperature={ 12.0 30.0 }
			temperature_day_night={ -2.0 2.0 }
			no_phenomenon=0.500
			rain_light=0.250
			rain_heavy=0.100
			snow=0.000
			blizzard=0.000
			mud=1.0
			sandstorm=0.000
			min_snow_level=0.000
		}
		period={
			between={ 0.8 29.8 }
			temperature={ 12.0 30.0 }
			temperature_day_night={ -2.0 2.0 }
			no_phenomenon=0.500
			rain_light=0.250
			rain_heavy=0.100
			snow=0.000
			blizzard=0.000
			mud=1.0
			sandstorm=0.000
			min_snow_level=0.000
		}
		period={
			between={ 0.9 30.9 }
			temperature={ 12.0 30.0 }
			temperature_day_night={ -2.0 2.0 }
			no_phenomenon=0.500
			rain_light=0.250
			rain_heavy=0.100
			snow=0.000
			blizzard=0.000
			mud=1.0
			sandstorm=0.000
			min_snow_level=0.000
		}
		period={
			between={ 0.10 29.10 }
			temperature={ 12.0 30.0 }
			temperature_day_night={ -2.0 2.0 }
			no_phenomenon=0.500
			rain_light=0.250
			rain_heavy=0.100
			snow=0.000
			blizzard=0.000
			mud=1.0
			sandstorm=0.000
			min_snow_level=0.000
		}
		period={
			between={ 0.11 30.11 }
			temperature={ 12.0 30.0 }
			temperature_day_night={ -2.0 2.0 }
			no_phenomenon=0.500
			rain_light=0.250
			rain_heavy=0.100
			snow=0.000
			blizzard=0.000
			mud=1.0
			sandstorm=0.000
			min_snow_level=0.000
		}
	}
}
