strategic_region={
	id=4
	name="STRATEGICREGION_4"
	provinces={
		1996 2141 2859 4581 5012 11688 11728 11752 364 2739 3024 3275 4351 4541 4705 5383 6794 7239 7440 7743 7893 8544 11825 59 2269 3953 5279 5927 7780 11779 11917 1090 8402 11792 11900 51 756 1206 1344 1487 1761 2811 2919 2969 4222 4763 5897 5967 6161 6432 6543 7270 7378 7610 8067 8161 8197 8279 11832 11879 11903 11914 11925 11938 11959 11978 11994 12004 12007 12097 17 163 1124 1127 1391 2516 2792 3796 4091 4415 5402 5451 5793 6274 6508 7869 8241 8243 8324 11909 11945 11968 12010 12022 12068 12078 12092 12731 12732 12733 12734 496 1062 1267 1483 1944 3106 3260 3407 3476 3517 3777 4099 4520 4608 4666 5067 5292 5401 5552 5697 5709 6210 6488 6992 8181 8446 8543 11886 11928 11939 11983 11989 12020 12073 12124 12151 12176 207 1547 5407 8119 11975 46 323 477 722 804 838 1047 1365 1635 2274 2998 3230 3360 3565 3682 4085 4412 4730 4733 4844 5008 5538 5703 5992 6164 6382 7821 7832 8081 8185 8497 11192 11204 11216 11258 11272 11292 11299 11392 11393 11415 11439 11440 11469 11470 11495 11554 214 654 763 4016 4734 5805 6092 6494 11332 9 1342 2788 3180 3291 3293 4388 4635 4727 5715 11371 11411 11517 374 2241 4128 4649 4706 5845 8621 11426 11494 11505 2 6 248 597 1368 1920 2031 2776 3280 3445 3484 3657 3716 4185 4246 4326 4805 4871 5227 5312 5466 6016 6039 6780 7484 7721 8399 8408 8623 11461 11498 11546 11564 11569 11586 11676 11699 11729 11745 11755 11759 11775 11815 20 25 951 1073 1202 1619 1676 1869 2105 2247 2470 2945 3362 3552 3855 4394 4837 5057 5249 5600 6052 6310 6447 6663 6675 6862 7278 7362 7542 7606 7811 7834 8173 8438 11530 11562 11593 11659 11683 11707 11713 11766 11796 11805 11816 11843 11852 11888 813 1650 3274 3709 4007 4726 5632 5936 6367 6509 11502 11533 11581 11621 11640 11646 1568 5884 8108 11645 1942 3774 5254 6464 7025 8559 11583 11626 11644 11698 11724 11727 264 2817 5958 6769 8406 12037 12061 185 225 317 840 939 973 1163 1282 2290 2412 2494 2582 2672 3047 3286 3500 3612 3752 3869 4518 5007 5063 5230 5549 5647 5945 5957 6419 6479 6903 7128 7146 7577 7884 7896 7902 7906 8014 8302 11115 11154 11160 11197 11237 11254 11257 11281 11298 11368 11378 11383 11388 11399 11414 943 2686 3013 3878 4843 6231 11141 11191 132 541 633 1790 2177 2695 2748 4436 4484 7676 7790 8262 11312 11347 2098 5813 7265 7719 8013 11609 11675 12724 12725 12726 12727 12728 12729 2532 4086 5368 6291 11692 11770 12722 12723 3233 3398 6818 11733 11765 11804 105 139 981 2148 2529 6722 7042 7358 1833 2482 4553 8454 11390 2063 4601 7048 8049 11334 933 4170 7157 11431 11474 284 591 883 1736 2232 2242 2625 3707 3901 4392 4423 4783 5054 6017 6083 6342 6502 7458 7813 7965 8512 11357 11374 11464 38 569 1334 2190 2515 2588 2685 3252 3860 5406 5616 7281 11341 11349 11402 11413 11481 11490 11504 740 2136 2601 5619 6046 6996 11487 11524 11540 11549 12730 1585 2186 4956 524 3149 3336 3973 4988 7488 7528 11516 11615 11674 11711 310 370 925 1323 1428 1943 2121 2697 3770 4462 4580 5102 5390 5507 5624 5676 5682 6590 7002 7295 7890 8146 11515 11582 11601 11637 11658 11802 343 1153 1456 2224 2595 3115 4291 4307 5070 5236 5960 6366 7597 7720 11578 11617 11643 11649 11714 27 227 1333 1773 2276 2707 3984 4410 4697 4809 5082 5350 5878 7250 8346 11158 11179 11187 11215 11224 11243 11305 593 1034 1248 2836 3102 3670 3896 4551 5514 7462 11137 11253 11280 11317 1002 1683 2231 2303 5493 5690 11128 11171 11225 11270 11271 362 1464 1818 2170 2619 3528 3977 6991 11811 11911 11953 250 529 1414 1815 1946 2339 2379 2747 2951 3328 3778 4400 4461 5182 6176 6434 6510 6917 7625 7824 11773 11856 11860 11935 11977 12006 407 551 2292 2452 2572 3192 3368 4407 4554 5229 5765 6364 6408 6445 6713 7605 7840 8088 8151 8617 11884 11885 11964 11974 12031 12051 12067 12128 2772 2848 3945 7447 11976 12091 12112 3 650 677 691 2475 3626 4113 4261 5289 6094 7178 8283 12048 12052 12129                                  
	}
	weather={
		period={
			between={ 0.0 30.0 }
			temperature={ 12.0 30.0 }
			temperature_day_night={ -2.0 2.0 }
			no_phenomenon=0.500
			rain_light=0.250
			rain_heavy=0.100
			snow=0.000
			blizzard=0.000
			mud=1.0
			sandstorm=0.000
			min_snow_level=0.000
		}
		period={
			between={ 0.1 27.1 }
			temperature={ 12.0 30.0 }
			temperature_day_night={ -2.0 2.0 }
			no_phenomenon=0.500
			rain_light=0.250
			rain_heavy=0.100
			snow=0.000
			blizzard=0.000
			mud=1.0
			sandstorm=0.000
			min_snow_level=0.000
		}
		period={
			between={ 0.2 30.2 }
			temperature={ 12.0 30.0 }
			temperature_day_night={ -2.0 2.0 }
			no_phenomenon=0.500
			rain_light=0.250
			rain_heavy=0.100
			snow=0.000
			blizzard=0.000
			mud=1.0
			sandstorm=0.000
			min_snow_level=0.000
		}
		period={
			between={ 0.3 29.3 }
			temperature={ 12.0 30.0 }
			temperature_day_night={ -2.0 2.0 }
			no_phenomenon=0.500
			rain_light=0.250
			rain_heavy=0.100
			snow=0.000
			blizzard=0.000
			mud=1.0
			sandstorm=0.000
			min_snow_level=0.000
		}
		period={
			between={ 0.4 30.4 }
			temperature={ 12.0 30.0 }
			temperature_day_night={ -2.0 2.0 }
			no_phenomenon=0.500
			rain_light=0.250
			rain_heavy=0.100
			snow=0.000
			blizzard=0.000
			mud=1.0
			sandstorm=0.000
			min_snow_level=0.000
		}
		period={
			between={ 0.5 29.5 }
			temperature={ 12.0 30.0 }
			temperature_day_night={ -2.0 2.0 }
			no_phenomenon=0.500
			rain_light=0.250
			rain_heavy=0.100
			snow=0.000
			blizzard=0.000
			mud=1.0
			sandstorm=0.000
			min_snow_level=0.000
		}
		period={
			between={ 0.6 30.6 }
			temperature={ 12.0 30.0 }
			temperature_day_night={ -2.0 2.0 }
			no_phenomenon=0.500
			rain_light=0.250
			rain_heavy=0.100
			snow=0.000
			blizzard=0.000
			mud=1.0
			sandstorm=0.000
			min_snow_level=0.000
		}
		period={
			between={ 0.7 30.7 }
			temperature={ 12.0 30.0 }
			temperature_day_night={ -2.0 2.0 }
			no_phenomenon=0.500
			rain_light=0.250
			rain_heavy=0.100
			snow=0.000
			blizzard=0.000
			mud=1.0
			sandstorm=0.000
			min_snow_level=0.000
		}
		period={
			between={ 0.8 29.8 }
			temperature={ 12.0 30.0 }
			temperature_day_night={ -2.0 2.0 }
			no_phenomenon=0.500
			rain_light=0.250
			rain_heavy=0.100
			snow=0.000
			blizzard=0.000
			mud=1.0
			sandstorm=0.000
			min_snow_level=0.000
		}
		period={
			between={ 0.9 30.9 }
			temperature={ 12.0 30.0 }
			temperature_day_night={ -2.0 2.0 }
			no_phenomenon=0.500
			rain_light=0.250
			rain_heavy=0.100
			snow=0.000
			blizzard=0.000
			mud=1.0
			sandstorm=0.000
			min_snow_level=0.000
		}
		period={
			between={ 0.10 29.10 }
			temperature={ 12.0 30.0 }
			temperature_day_night={ -2.0 2.0 }
			no_phenomenon=0.500
			rain_light=0.250
			rain_heavy=0.100
			snow=0.000
			blizzard=0.000
			mud=1.0
			sandstorm=0.000
			min_snow_level=0.000
		}
		period={
			between={ 0.11 30.11 }
			temperature={ 12.0 30.0 }
			temperature_day_night={ -2.0 2.0 }
			no_phenomenon=0.500
			rain_light=0.250
			rain_heavy=0.100
			snow=0.000
			blizzard=0.000
			mud=1.0
			sandstorm=0.000
			min_snow_level=0.000
		}
	}
}
