strategic_region={
	id=5
	name="STRATEGICREGION_5"
	provinces={
		790 1165 1196 3791 4001 4010 4503 5454 6324 6584 7143 7781 8479 10464 10526 10550 10571 10603 10635 10670 4564 4694 4798 4824 7638 8464 10444 2843 3016 3131 3781 4428 4655 5100 5268 6388 6868 7132 7369 8060 10388 10433 10463 10488 10494 10568 10582 10583 295 751 2289 3802 5843 6177 7060 7301 10500 10527 10537 10597 10656 10663 1921 2808 3381 5334 10536 10566 184 721 2122 3012 3205 3354 3423 3492 3613 3910 4361 4870 6286 8063 10502 10542 10559 10654 10694 10703 843 1056 2674 2791 4701 5252 6491 6690 6951 7959 8385 10499 10572 10595 10624 10666 10772 1099 2124 2434 3327 3890 5415 5436 5841 6383 7566 8093 8467 10648 10826 478 549 3168 3234 3395 3443 3535 4239 4950 5872 5907 6579 7623 8286 10606 10616 10682 10731 10786 10798 10827 10905 300 330 1543 2675 3495 4234 6275 8329 8354 10607 10704 10745 12721 438 1750 2598 2662 2973 3353 3415 4842 5795 5995 6519 7319 10677 10771 10793 10865 10908 11 1148 1893 2015 2082 3166 3383 3429 4183 4738 4839 5068 5200 5630 5734 5983 7591 8494 8572 10751 10775 10830 10858 10921 10932 2794 2933 4672 7830 8485 10727 10776 10806 10875 507 1351 1905 2129 2324 2649 3644 4152 4759 5089 7397 7586 8541 10814 10851 10895 10936 1135 1664 3732 4690 4745 6088 6120 7214 10820 10899 10915 10963 10968 11026 11041 11053 11070 73 614 1261 1355 1438 2833 3323 3701 3718 3813 4029 4311 4352 4560 4622 4807 5075 5290 6012 6289 7361 7398 7872 8050 8182 8370 10855 10864 10872 10906 10917 10947 10952 10953 10960 10969 10982 11005 11039 11040 11049 11058 11082 11098 282 1659 1836 1891 2271 2590 3290 4512 4917 5258 5338 5608 7818 7999 8080 10948 11048 44 176 231 814 857 1595 2600 3028 4774 6054 7473 7543 8025 8376 11059 11102 245 349 704 1031 1053 1422 2208 2992 4249 4779 5144 5852 5937 6369 7104 7895 8163 9987 10049 10093 10121 10158 10212 552 851 1244 1689 1896 2367 2425 3569 4043 4134 4148 4327 4995 5323 5853 6534 7647 7912 7941 8323 10054 10070 10092 10105 10135 10138 10153 10202 10241 10290 10308 10311 10312 688 1545 1877 3036 3364 3601 3673 3764 3998 4418 5331 7854 8470 10112 10166 10210 10303 392 707 2477 4194 4365 4878 5516 5622 5973 6010 6128 6246 6304 6400 6752 6972 7497 7688 10310 10357 10431 10432 12737 12738 12739 652 732 3428 3472 5802 6281 7763 8436 10280 10420 10421 405 645 658 1279 1360 2511 4241 6764 7119 8229 8365 8521 10351 10364 10392 10438 10460 23 686 1511 3785 5398 8303 10332 10348 10424 259 908 1613 2187 2285 2420 2528 3116 3549 4028 4193 4248 4879 5606 5738 6130 6296 6825 7352 7881 8016 8094 8211 9482 9597 9663 9733 9744 9781 26 457 1091 1468 2716 3738 4355 6029 7608 8342 9633 9684 9700 9712 9746 9795 9802 9818 9842 7 53 299 1026 1969 3258 3530 4420 5762 5838 6193 6338 6689 7332 7650 8272 8524 9857 9902 9926 9937 10023 161 755 810 909 1054 1317 1618 2472 3190 3793 4414 5557 6180 8059 9860 9886 9889 9917 9920 9927 9955 179 1707 2837 2841 3072 3680 4214 6483 6730 8263 8349 9908 9918 9963 10013 10034 10046 10063 10081 1387 1865 2426 3520 4668 4758 7581 10289 12736 285 1517 2990 3681 5568 6389 7088 7652 7703 8398 10382 12708 12735 320 792 797 1050 1993 2091 2731 3684 3982 4226 4501 4568 5301 5305 5442 5628 5643 7304 7679 7798 9481 9494 9556 9589 9596 9608 9618 9645 9656 9659 9699 9740 78 211 249 2955 3232 3668 3955 4265 4489 4563 5090 5971 6758 6905 8031 8305 9743 9804 9901 9910 9936 9977 10018 10028 10067 10152 10200 10216 29 127 680 1588 2369 2928 4493 4749 4955 5024 6350 6588 7043 7988 8043 8047 9771 9780 9827 9848 9943 10004 10076 10085 10101                                                         
	}
	weather={
		period={
			between={ 0.0 30.0 }
			temperature={ 12.0 30.0 }
			temperature_day_night={ -2.0 2.0 }
			no_phenomenon=0.500
			rain_light=0.250
			rain_heavy=0.100
			snow=0.000
			blizzard=0.000
			mud=1.0
			sandstorm=0.000
			min_snow_level=0.000
		}
		period={
			between={ 0.1 27.1 }
			temperature={ 12.0 30.0 }
			temperature_day_night={ -2.0 2.0 }
			no_phenomenon=0.500
			rain_light=0.250
			rain_heavy=0.100
			snow=0.000
			blizzard=0.000
			mud=1.0
			sandstorm=0.000
			min_snow_level=0.000
		}
		period={
			between={ 0.2 30.2 }
			temperature={ 12.0 30.0 }
			temperature_day_night={ -2.0 2.0 }
			no_phenomenon=0.500
			rain_light=0.250
			rain_heavy=0.100
			snow=0.000
			blizzard=0.000
			mud=1.0
			sandstorm=0.000
			min_snow_level=0.000
		}
		period={
			between={ 0.3 29.3 }
			temperature={ 12.0 30.0 }
			temperature_day_night={ -2.0 2.0 }
			no_phenomenon=0.500
			rain_light=0.250
			rain_heavy=0.100
			snow=0.000
			blizzard=0.000
			mud=1.0
			sandstorm=0.000
			min_snow_level=0.000
		}
		period={
			between={ 0.4 30.4 }
			temperature={ 12.0 30.0 }
			temperature_day_night={ -2.0 2.0 }
			no_phenomenon=0.500
			rain_light=0.250
			rain_heavy=0.100
			snow=0.000
			blizzard=0.000
			mud=1.0
			sandstorm=0.000
			min_snow_level=0.000
		}
		period={
			between={ 0.5 29.5 }
			temperature={ 12.0 30.0 }
			temperature_day_night={ -2.0 2.0 }
			no_phenomenon=0.500
			rain_light=0.250
			rain_heavy=0.100
			snow=0.000
			blizzard=0.000
			mud=1.0
			sandstorm=0.000
			min_snow_level=0.000
		}
		period={
			between={ 0.6 30.6 }
			temperature={ 12.0 30.0 }
			temperature_day_night={ -2.0 2.0 }
			no_phenomenon=0.500
			rain_light=0.250
			rain_heavy=0.100
			snow=0.000
			blizzard=0.000
			mud=1.0
			sandstorm=0.000
			min_snow_level=0.000
		}
		period={
			between={ 0.7 30.7 }
			temperature={ 12.0 30.0 }
			temperature_day_night={ -2.0 2.0 }
			no_phenomenon=0.500
			rain_light=0.250
			rain_heavy=0.100
			snow=0.000
			blizzard=0.000
			mud=1.0
			sandstorm=0.000
			min_snow_level=0.000
		}
		period={
			between={ 0.8 29.8 }
			temperature={ 12.0 30.0 }
			temperature_day_night={ -2.0 2.0 }
			no_phenomenon=0.500
			rain_light=0.250
			rain_heavy=0.100
			snow=0.000
			blizzard=0.000
			mud=1.0
			sandstorm=0.000
			min_snow_level=0.000
		}
		period={
			between={ 0.9 30.9 }
			temperature={ 12.0 30.0 }
			temperature_day_night={ -2.0 2.0 }
			no_phenomenon=0.500
			rain_light=0.250
			rain_heavy=0.100
			snow=0.000
			blizzard=0.000
			mud=1.0
			sandstorm=0.000
			min_snow_level=0.000
		}
		period={
			between={ 0.10 29.10 }
			temperature={ 12.0 30.0 }
			temperature_day_night={ -2.0 2.0 }
			no_phenomenon=0.500
			rain_light=0.250
			rain_heavy=0.100
			snow=0.000
			blizzard=0.000
			mud=1.0
			sandstorm=0.000
			min_snow_level=0.000
		}
		period={
			between={ 0.11 30.11 }
			temperature={ 12.0 30.0 }
			temperature_day_night={ -2.0 2.0 }
			no_phenomenon=0.500
			rain_light=0.250
			rain_heavy=0.100
			snow=0.000
			blizzard=0.000
			mud=1.0
			sandstorm=0.000
			min_snow_level=0.000
		}
	}
}
