strategic_region={
	id=8
	name="STRATEGICREGION_8"
	provinces={
		422 1562 1636 2155 2486 2551 2552 2589 3239 3369 4366 4897 4942 5476 6984 7154 7916 8741 8747 8750 8763 152 684 1674 1975 2880 2896 3524 3755 6345 7921 8727 8743 8744 8753 8766 8767 37 57 3213 3359 4496 4898 6436 6874 7137 7593 7863 8529 8734 3301 6031 7405 7622 8223 8742 8752 8758 8760 482 499 789 899 1532 1982 2217 2666 3211 3351 4158 4171 4773 5515 5965 6192 6260 6643 6816 6819 6827 7611 7682 8129 8208 8557 8759 8765 8770 8780 8784 8799 8810 8818 279 466 891 1386 2376 2906 4586 4704 5504 5959 6595 7044 7328 8761 8769 8792 8794 8809 8819 8831 8839 354 706 1654 1712 2041 3658 4437 6194 6228 6404 7027 7404 7494 7698 7852 8030 8764 8776 8791 8802 8805 8808 8820 8848 1466 2853 5031 5975 8289 990 2144 4057 4256 6925 7453 7829 8800 2354 2867 2879 3548 3725 3879 5214 5905 5935 6608 7169 8777 8812 8832 8847 8859 85 4398 4492 4944 5386 8285 8772 8773 8785 8796 8817 8821 8834 233 1720 2152 2902 3471 4656 7630 8775 8779 8829 2436 6086 6218 8795 8806 8807 145 2068 4296 6650 4448 4719 5211 6395 1381 1529 1888 2234 2819 4114 4240 5341 5996 6330 6515 7338 7669 8292 8824 8827 8838 8846 8906 2784 4416 4691 5877 6931 7812 7889 8841 8842 8851 30 70 204 934 1673 2490 2530 2632 3389 3606 4101 4112 4621 5066 5424 5502 5794 5895 6084 6385 6685 7031 8360 8362 8567 8836 8853 8860 8869 8886 8903 8919 8922 8942 8962 8978 8995 9028 97 1085 1367 1651 2403 3463 3591 3609 4760 5222 5496 5980 6361 6848 7948 8439 8858 8866 8883 8889 8893 8920 118 435 693 1662 2338 2713 3499 3527 6896 7656 8120 8857 8868 8876 8885 8912 8928 216 2258 4154 4386 5157 6212 7090 7401 7838 8106 8502 2777 3162 5768 8861 8870 1902 3085 7445 13 272 963 2577 3066 3164 6458 7028 8899 8907 8937 80 2638 3493 4111 4507 4894 5920 6392 7704 7771 8247 8547 8923 676 1212 1326 3570 4869 5318 6412 6810 8878 8880 8888 8900 8914 275 947 967 2663 2787 3504 5399 5565 6414 6424 6781 7035 7284 7764 8403 8884 8908 8916 148 268 639 4971 5376 8915 465 900 1526 1658 2210 3263 4399 5479 5815 6592 6815 7371 8891 8904 8909 8931 8946 8961 8964 9015 130 1182 2055 2524 4088 4359 4747 5615 6305 6976 6979 7337 8491 8951 9002 9006 412 1120 1256 2034 2181 3795 4823 5199 5942 6829 7443 7666 8917 8957 8967 8993 194 372 5864 6990 7822 8391 8565 8929 666 957 2726 2822 4984 6784 7939 8535 8944 8945 8959 8968 8969 8972 906 2162 4225 4850 5698 5727 6078 7277 8932 8943 8949 8984 9010 9024 201 890 2886 3545 4215 6143 6761 7833 8520 8953 8974 8975 8982 9004 9057 1160 1164 2641 3127 3217 3868 3918 5356 5531 5539 5642 5761 5777 7232 8351 8930 8963 9023 9036 86 2669 2671 2927 4457 4485 4863 5970 7197 8569 9011 9021 9027 9034 345 802 1313 1359 2489 2512 2715 4919 6499 6733 7109 7424 7465 8992 8998 9008 9009 9031 9064 160 1106 2019 2474 3937 4325 7996 9000 9003 9039 9056              	                                                          
	}
	weather={
		period={
			between={ 0.0 30.0 }
			temperature={ 12.0 30.0 }
			temperature_day_night={ -2.0 2.0 }
			no_phenomenon=0.500
			rain_light=0.250
			rain_heavy=0.100
			snow=0.000
			blizzard=0.000
			mud=1.0
			sandstorm=0.000
			min_snow_level=0.000
		}
		period={
			between={ 0.1 27.1 }
			temperature={ 12.0 30.0 }
			temperature_day_night={ -2.0 2.0 }
			no_phenomenon=0.500
			rain_light=0.250
			rain_heavy=0.100
			snow=0.000
			blizzard=0.000
			mud=1.0
			sandstorm=0.000
			min_snow_level=0.000
		}
		period={
			between={ 0.2 30.2 }
			temperature={ 12.0 30.0 }
			temperature_day_night={ -2.0 2.0 }
			no_phenomenon=0.500
			rain_light=0.250
			rain_heavy=0.100
			snow=0.000
			blizzard=0.000
			mud=1.0
			sandstorm=0.000
			min_snow_level=0.000
		}
		period={
			between={ 0.3 29.3 }
			temperature={ 12.0 30.0 }
			temperature_day_night={ -2.0 2.0 }
			no_phenomenon=0.500
			rain_light=0.250
			rain_heavy=0.100
			snow=0.000
			blizzard=0.000
			mud=1.0
			sandstorm=0.000
			min_snow_level=0.000
		}
		period={
			between={ 0.4 30.4 }
			temperature={ 12.0 30.0 }
			temperature_day_night={ -2.0 2.0 }
			no_phenomenon=0.500
			rain_light=0.250
			rain_heavy=0.100
			snow=0.000
			blizzard=0.000
			mud=1.0
			sandstorm=0.000
			min_snow_level=0.000
		}
		period={
			between={ 0.5 29.5 }
			temperature={ 12.0 30.0 }
			temperature_day_night={ -2.0 2.0 }
			no_phenomenon=0.500
			rain_light=0.250
			rain_heavy=0.100
			snow=0.000
			blizzard=0.000
			mud=1.0
			sandstorm=0.000
			min_snow_level=0.000
		}
		period={
			between={ 0.6 30.6 }
			temperature={ 12.0 30.0 }
			temperature_day_night={ -2.0 2.0 }
			no_phenomenon=0.500
			rain_light=0.250
			rain_heavy=0.100
			snow=0.000
			blizzard=0.000
			mud=1.0
			sandstorm=0.000
			min_snow_level=0.000
		}
		period={
			between={ 0.7 30.7 }
			temperature={ 12.0 30.0 }
			temperature_day_night={ -2.0 2.0 }
			no_phenomenon=0.500
			rain_light=0.250
			rain_heavy=0.100
			snow=0.000
			blizzard=0.000
			mud=1.0
			sandstorm=0.000
			min_snow_level=0.000
		}
		period={
			between={ 0.8 29.8 }
			temperature={ 12.0 30.0 }
			temperature_day_night={ -2.0 2.0 }
			no_phenomenon=0.500
			rain_light=0.250
			rain_heavy=0.100
			snow=0.000
			blizzard=0.000
			mud=1.0
			sandstorm=0.000
			min_snow_level=0.000
		}
		period={
			between={ 0.9 30.9 }
			temperature={ 12.0 30.0 }
			temperature_day_night={ -2.0 2.0 }
			no_phenomenon=0.500
			rain_light=0.250
			rain_heavy=0.100
			snow=0.000
			blizzard=0.000
			mud=1.0
			sandstorm=0.000
			min_snow_level=0.000
		}
		period={
			between={ 0.10 29.10 }
			temperature={ 12.0 30.0 }
			temperature_day_night={ -2.0 2.0 }
			no_phenomenon=0.500
			rain_light=0.250
			rain_heavy=0.100
			snow=0.000
			blizzard=0.000
			mud=1.0
			sandstorm=0.000
			min_snow_level=0.000
		}
		period={
			between={ 0.11 30.11 }
			temperature={ 12.0 30.0 }
			temperature_day_night={ -2.0 2.0 }
			no_phenomenon=0.500
			rain_light=0.250
			rain_heavy=0.100
			snow=0.000
			blizzard=0.000
			mud=1.0
			sandstorm=0.000
			min_snow_level=0.000
		}
	}
}
