strategic_region={
	id=9
	name="STRATEGICREGION_9"
	provinces={
		526 669 1112 1171 3929 8159 8948 1185 1397 1424 2691 3841 8990 9012 9042 9067 929 1793 2648 3656 3700 3804 5147 6599 8194 8991 9038 9043 9086 9094 9099 112 1410 2725 4682 4846 5423 6175 7888 9079 9117 9146 91 2251 2378 2768 2828 2968 3268 3416 3823 5051 5755 6100 6220 6477 7186 7245 8366 9072 9090 9144 9159 9169 9181 787 1626 2095 3970 5688 6302 6731 7017 7508 8369 9112 9162 9186 472 2013 2734 3261 5298 5400 5658 5681 6333 7081 7208 7690 7853 8054 8405 8542 9177 9194 9204 9222 9280 240 2454 2539 2750 4348 6279 6817 7175 7561 8588 9180 9211 9212 9269 9308 733 2016 2171 4205 4446 5405 5422 5633 8073 8172 8311 9223 9238 9248 9274 9334 447 1271 2615 3155 4508 5349 7645 9266 9286 9349 9366 9385 9434 632 2329 3318 4439 5997 7805 8525 9301 9304 545 661 1848 1870 2958 9344 9369 1974 2298 2924 3151 3674 3824 4223 4722 4890 5053 6048 8637 9417 9435 9453 831 2805 4630 9381 9394 9407 9446 9501 9517 1992 2496 3560 3958 4498 8384 8463 9488 9542 9575 9601 867 1121 1312 1587 2259 2291 3967 5295 5640 5645 6209 6242 6250 7074 7817 9459 9532 9543 9550 9570 9587 1055 1219 2051 2889 3035 5683 6116 7820 7909 9560 9579 9632 9636 9646 1343 1478 1663 2320 4915 5377 5510 6901 9623 9696 9705 9714 9742 9745 9761 827 1708 1908 3980 5056 5133 6032 6096 6740 6872 6907 7920 7991 9667 9698 9710 9877 9882 975 1311 2168 3314 3402 5567 5914 9666 9680 9683 9720 9727 81 156 1713 2975 5084 6040 6609 6677 6793 7994 9829 9875 1777 3635 5097 5231 6062 7354 8123 9815 9836 2613 2908 3343 4284 5248 8296 9329 9363 9398 9420 308 584 1957 3218 3417 7047 7924 9524 9530 9569 564 1565 2830 4387 4939 5801 8071 8568 9478 9516 9531 103 297 348 1803 1816 1859 2176 2574 2735 3015 3299 3322 3696 4068 5634 5758 7118 7558 8178 8335 9472 9511 9537 9591 9625 9638 9692 854 1709 2277 2326 2741 3147 3160 4301 5365 5627 5653 5844 6105 6959 7289 7348 7976 8266 9576 9592 9614 9639 9687 869 1024 1194 1221 1617 2963 3306 6935 6981 7410 7457 9505 9528 9561 9577 9582 9595 9617 9655 274 289 1027 2052 3247 4923 5579 5625 5656 7272 7493 7734 7874 9544 9612 9615 9711 9790 224 520 1593 6601 7501 7970 9571 9671 174 1444 1886 5162 6923 6957 7183 7261 8109 8428 9739 9765 9816 1154 2699 2923 4757 6211 6269 6321 7347 8116 9758 9799 9807 43 667 819 1449 3093 3655 3830 4189 4627 4853 4858 6634 6745 7578 8598 9770 9789 116 213 281 463 627 1770 4341 4617 5016 5192 5882 5900 6205 6846 7271 7769 7801 8434 9718 9762 9777 9821 9865 9900 882 2304 2970 3026 3264 4093 4097 4419 4883 5286 5779 6568 7430 8389 9837 9925 9935 9952 9986 9996 10039 989 1400 1570 1927 2223 2392 2930 3340 4191 4333 4584 8550 9826 9976 234 396 3454 4079 4685 4746 4913 5946 6553 8618 9298 9309 9327 9336 9341 9360 525 613 679 2960 6673 6680 7206 7848 8070 9325 9330 9395 9418 9436 75 480 841 2203 3142 3704 3931 4280 5108 5143 6326 7550 8517 9392 9399 9476 9492 9512 1472 2362 2449 5819 6288 7326 8236 9384 9461 9473 9489 1329 2212 2297 2864 3182 6633 9421 9431 9437 9460 9475 9479 919 1903 3231 4784 5590 6452 7779 7919 8449 10395 1082 1222 1948 2682 3632 4712 10386 10411 10442 1769 1901 2127 2771 2996 3235 4163 6823 6971 7767 7797 8273 9813 9841 9892 9893 9946 9983 10001 10069 10088 2150 2594 2932 4593 5999 7491 8171 8537 9868 10022 2183 3283 4702 5529 7609 9966 77 115 750 1499 1885 2443 2698 3448 4137 6755 7580 7931 8186 10116 385 573 1977 2012 5196 5525 5526 7468 7715 7794 7857 8205 8361 10015 10073 10132 10199 10215 1810 2393 4530 4598 5717 7579 10226 737 2954 2978 5309 5357 6787 7063 10232 10249 10266 10267 10299 10318 10327 889 1200 2189 2243 3546 3600 6173 8358 10314 10317 10367 10398 10475                       	                                                          
	}
	weather={
		period={
			between={ 0.0 30.0 }
			temperature={ 12.0 30.0 }
			temperature_day_night={ -2.0 2.0 }
			no_phenomenon=0.500
			rain_light=0.250
			rain_heavy=0.100
			snow=0.000
			blizzard=0.000
			mud=1.0
			sandstorm=0.000
			min_snow_level=0.000
		}
		period={
			between={ 0.1 27.1 }
			temperature={ 12.0 30.0 }
			temperature_day_night={ -2.0 2.0 }
			no_phenomenon=0.500
			rain_light=0.250
			rain_heavy=0.100
			snow=0.000
			blizzard=0.000
			mud=1.0
			sandstorm=0.000
			min_snow_level=0.000
		}
		period={
			between={ 0.2 30.2 }
			temperature={ 12.0 30.0 }
			temperature_day_night={ -2.0 2.0 }
			no_phenomenon=0.500
			rain_light=0.250
			rain_heavy=0.100
			snow=0.000
			blizzard=0.000
			mud=1.0
			sandstorm=0.000
			min_snow_level=0.000
		}
		period={
			between={ 0.3 29.3 }
			temperature={ 12.0 30.0 }
			temperature_day_night={ -2.0 2.0 }
			no_phenomenon=0.500
			rain_light=0.250
			rain_heavy=0.100
			snow=0.000
			blizzard=0.000
			mud=1.0
			sandstorm=0.000
			min_snow_level=0.000
		}
		period={
			between={ 0.4 30.4 }
			temperature={ 12.0 30.0 }
			temperature_day_night={ -2.0 2.0 }
			no_phenomenon=0.500
			rain_light=0.250
			rain_heavy=0.100
			snow=0.000
			blizzard=0.000
			mud=1.0
			sandstorm=0.000
			min_snow_level=0.000
		}
		period={
			between={ 0.5 29.5 }
			temperature={ 12.0 30.0 }
			temperature_day_night={ -2.0 2.0 }
			no_phenomenon=0.500
			rain_light=0.250
			rain_heavy=0.100
			snow=0.000
			blizzard=0.000
			mud=1.0
			sandstorm=0.000
			min_snow_level=0.000
		}
		period={
			between={ 0.6 30.6 }
			temperature={ 12.0 30.0 }
			temperature_day_night={ -2.0 2.0 }
			no_phenomenon=0.500
			rain_light=0.250
			rain_heavy=0.100
			snow=0.000
			blizzard=0.000
			mud=1.0
			sandstorm=0.000
			min_snow_level=0.000
		}
		period={
			between={ 0.7 30.7 }
			temperature={ 12.0 30.0 }
			temperature_day_night={ -2.0 2.0 }
			no_phenomenon=0.500
			rain_light=0.250
			rain_heavy=0.100
			snow=0.000
			blizzard=0.000
			mud=1.0
			sandstorm=0.000
			min_snow_level=0.000
		}
		period={
			between={ 0.8 29.8 }
			temperature={ 12.0 30.0 }
			temperature_day_night={ -2.0 2.0 }
			no_phenomenon=0.500
			rain_light=0.250
			rain_heavy=0.100
			snow=0.000
			blizzard=0.000
			mud=1.0
			sandstorm=0.000
			min_snow_level=0.000
		}
		period={
			between={ 0.9 30.9 }
			temperature={ 12.0 30.0 }
			temperature_day_night={ -2.0 2.0 }
			no_phenomenon=0.500
			rain_light=0.250
			rain_heavy=0.100
			snow=0.000
			blizzard=0.000
			mud=1.0
			sandstorm=0.000
			min_snow_level=0.000
		}
		period={
			between={ 0.10 29.10 }
			temperature={ 12.0 30.0 }
			temperature_day_night={ -2.0 2.0 }
			no_phenomenon=0.500
			rain_light=0.250
			rain_heavy=0.100
			snow=0.000
			blizzard=0.000
			mud=1.0
			sandstorm=0.000
			min_snow_level=0.000
		}
		period={
			between={ 0.11 30.11 }
			temperature={ 12.0 30.0 }
			temperature_day_night={ -2.0 2.0 }
			no_phenomenon=0.500
			rain_light=0.250
			rain_heavy=0.100
			snow=0.000
			blizzard=0.000
			mud=1.0
			sandstorm=0.000
			min_snow_level=0.000
		}
	}
}
