5 39 12709 5649 5546 344 2763 12166 8187 5188 12075 12705 6007 7681 11949 2723 6569 681 4330 5215 6773 5836 12175 12204 944 8234 12270 742 3669 12320 5701 12357 12332 4449 5932 6451 1604 8096 12250 12238 12219 
5 2 12219 12709 
5 63 12694 11518 11479 1540 2463 8255 11360 1208 181 12696 2188 1839 2545 143 3714 11231 11232 6245 11209 11217 5113 904 1490 11248 5685 11205 4354 11249 7036 11218 8079 4978 11380 12700 11458 8051 931 6066 11635 1102 3491 5135 8496 8213 11961 11995 5747 263 2340 12714 6911 7836 7535 1075 12221 3061 5707 8131 2900 5465 12354 7414 12320 
5 23 12694 11570 6869 5832 7589 7724 11846 11887 215 8635 7637 4692 7841 7285 3365 11844 3705 6426 11826 1320 1672 11889 4277 
5 14 215 11960 8033 8099 1592 7980 12717 4766 3059 8118 12237 3022 8058 12720 
5 9 12237 5512 1831 2548 3833 2250 12307 12323 5465 
5 7 844 4252 4974 12335 7382 4714 8058 
5 12 6869 8209 3604 2309 7710 3134 4455 11750 8492 7298 6944 8496 
5 16 1540 1758 6462 4250 6501 4907 11506 4292 5452 3496 11631 147 11690 11664 1306 1102 
5 12 215 8165 1691 4743 383 3098 1941 11969 2872 6936 2878 2340 
5 7 4277 6961 6431 4633 3862 7594 3572 
5 24 4277 6545 11799 11756 5714 4876 11622 7504 5021 7464 11403 3077 11290 2060 4924 3097 7015 1776 8200 11173 3663 2965 11145 1839 
5 12 1208 2564 4110 3339 11525 11565 197 4283 7248 6047 6168 7285 
5 13 8058 12229 12248 2158 2806 3204 12210 4845 1895 3133 12218 5964 3572 
5 39 7869 11909 8324 2739 4351 3275 5632 4726 4007 11517 2241 11494 4128 4706 5805 654 3878 3013 943 11141 132 7676 7790 11197 840 5230 11154 2672 1163 11115 3869 11160 6419 11216 8081 11204 11192 838 4924 
5 15 7869 4091 5793 11994 8279 5967 5897 8197 1944 1062 11928 3476 11939 11888 4277 
5 18 11517 6367 11533 3274 4246 11564 8408 3657 4326 8399 5312 3552 7606 8438 8173 2247 1869 11756 
5 11 3657 7721 11498 6479 7896 5007 7128 3500 5957 2672 7473 
5 16 4091 12068 2792 264 12037 8406 1547 11917 5279 5927 11727 7025 11626 11583 11505 4128 
5 9 3657 11676 5466 6780 4185 11832 11879 7270 5967 
5 13 5793 1344 7378 51 8161 8067 3777 5697 12124 1267 8543 12176 7594 
5 23 838 11272 46 4733 804 5538 7832 7811 1073 4394 6862 11713 1869 11796 11843 11888 3106 11989 5709 496 4520 12151 12176 
1 24 654 11332 214 6494 11347 633 4388 2788 11388 11399 3286 5647 5007 11378 5945 11414 3565 11415 11439 4844 2274 3682 11530 7811 
1 16 4783 2625 284 11464 883 11481 11490 2685 2190 569 2588 2063 7048 933 2482 8454 
1 8 11490 5960 4291 5390 7295 3770 5102 11802 
1 7 569 11341 1248 593 11137 3896 11053 
1 8 1248 227 6342 3901 4392 2242 3595 11297 
1 5 5682 11601 11637 11658 5390 
1 9 4291 2595 11578 1153 5070 3336 11615 7157 11549 
1 5 11549 11524 11540 5619 11505 
1 3 11675 4086 11727 
1 13 3192 12051 5765 12048 650 8283 5289 7178 3626 4261 3945 2772 1547 
1 6 3233 7824 11860 2747 250 7178 
1 16 5279 59 6991 1464 2619 6917 2747 1946 6434 11935 1414 2292 8088 11964 5229 2184 
1 10 3365 3921 4176 12015 2657 8484 868 7858 3184 12229 
1 11 8484 6019 2558 7955 12108 5894 5077 2430 5754 4633 5709 
1 9 3339 7426 11510 4677 11542 11563 6871 7504 1073 
1 7 904 11293 11335 5784 4524 649 6501 
1 34 7340 2652 2804 427 3734 12762 7871 11651 3571 2268 170 11531 1474 3976 6548 11447 3289 4107 8510 6574 11463 3651 6485 8222 2728 11551 950 11580 5842 8052 539 7366 1629 1003 
1 13 3571 6845 5019 2153 11670 11801 11876 5114 11982 5017 2785 11916 5792 
1 13 5017 4238 3132 12748 3096 12072 4578 12095 12133 12141 6111 1220 8532 
1 4 12072 4762 11937 1003 
1 43 2652 713 2359 8139 1606 5780 444 12107 2862 1295 12103 12070 4857 12003 2184 4596 2139 11785 3200 6443 4024 5343 7986 8102 4862 1882 8374 3595 469 11329 4282 6450 11277 11316 470 1506 11385 11363 6285 6687 7756 8332 3976 
1 10 7871 8327 1661 4969 11529 2790 799 6413 1807 470 
1 7 6413 3986 4764 4181 19 3587 5343 
1 10 2804 11878 11893 1500 1811 11898 4904 11895 452 11876 
1 8 539 4220 8551 418 4339 11661 458 11670 
1 75 4699 10690 6561 10784 5416 5613 1965 5316 8007 335 3374 11302 6407 2334 11444 7655 1369 4486 3844 11425 1431 395 4886 3045 1668 11377 5364 2901 7187 621 3319 5420 8011 716 3899 8445 11207 3941 6799 3315 28 11297 2670 11208 255 4967 5641 589 3538 10950 10928 5129 10927 1754 10907 2382 10868 6664 177 10834 2074 3754 3861 10774 2461 1535 1958 3710 10723 3789 3821 3460 8630 10869 5416 
1 5 12746 1965 11091 3974 1011 
1 9 3974 11131 1029 11022 2762 829 7097 10802 3710 
1 9 2762 11051 11084 11125 7147 3585 7689 2901 8332 
1 9 11084 5572 3659 3881 11211 7545 11266 8011 1506 
1 17 7097 5280 10846 5799 319 10911 10959 8166 3477 10992 7306 1537 3370 6197 1985 2374 3941 
1 14 12737 6752 6246 4365 10310 2477 6010 10502 10542 3492 10703 3613 10814 1905 
1 17 1905 7586 3644 2649 7397 1135 11041 11070 11053 6120 4745 11058 614 6012 5290 4560 1261 
1 13 1261 11082 4807 11098 282 5258 4917 2590 814 8025 857 7473 7543 
1 14 7543 2600 10908 10865 2662 2598 6951 2674 10572 6690 10460 2511 10392 10351 
1 21 10351 10303 4418 3036 10112 3680 3072 9963 2837 7608 1468 9746 9700 6029 8342 6825 908 7881 5606 9482 6296 
1 24 12737 7688 4194 5622 6400 4428 7132 2843 5268 10388 5323 8323 10135 4134 10023 9926 8524 6689 7650 2420 8211 5738 7352 6296 
1 11 4428 10494 3327 5436 6383 7566 7623 3168 10905 5872 4745 
1 19 5268 10433 4824 10444 4564 7638 3472 7763 732 652 6281 10332 3785 5398 10424 8303 1360 10364 10351 
1 13 10424 10500 3802 2289 8485 2794 10806 3429 10932 7818 5608 5338 282 
1 7 2794 10776 7830 7319 5995 5795 10865 
1 13 10444 2808 10566 3495 10704 8354 300 330 12721 10906 10969 3813 1261 
1 14 8211 3116 259 6180 1317 9860 9889 9917 5557 10049 10093 245 4249 6281 
1 7 9917 1618 9886 9818 4355 1707 2837 
1 7 3613 3423 2122 721 3890 1099 7566 
1 18 5568 3681 8398 10152 249 4265 10028 3955 9936 9910 5971 8305 9743 3982 9645 1050 9556 792 
1 26 5568 7703 1517 7088 3520 12736 10289 1865 7581 4758 6350 7988 4493 4749 9848 9780 9699 4226 5305 320 9481 1993 5301 4568 792 9449 
1 6 5971 4563 8031 4955 10004 4493 
1 13 7890 6590 11802 11804 6818 3398 3233 524 3973 12722 5368 11692 11675 
1 15 7890 925 5624 4580 5682 4462 1736 7458 4783 11357 2242 5878 11158 5350 2649 
1 15 5350 3984 7250 2707 3896 3670 1034 1002 11128 1683 11171 2148 6722 7042 943 
1 9 5619 11487 2136 11390 8454 7358 105 7042 1261 
1 7 11675 11609 11549 4170 11474 11431 933 
1 9 3192 7840 4407 3368 4554 5229 8151 2572 7890 
1 8 2572 6408 7605 6713 11856 529 6510 7824 
1 14 5360 10808 6858 2599 11032 382 11126 11138 3660 5591 11114 4895 2246 11218 
1 15 5360 8455 7590 4025 5554 2993 6701 10485 4925 10466 3761 5785 7222 402 12679 
1 4 12679 10406 10343 4179 
1 8 4179 8608 3555 10225 10228 5136 5270 12690 
1 11 5270 4018 4776 5917 7672 4310 4775 420 6766 2084 12691 
1 10 12691 10415 7953 5396 10454 5096 6571 7267 1796 10193 
1 16 1796 2742 8158 10154 10149 10125 4075 10058 286 10059 7079 2414 6156 7058 2587 8196 
1 12 8196 4471 4735 1448 7153 7216 5253 9557 7633 6963 9566 8149 
1 12 8149 9673 5487 9783 9838 3622 1497 1023 502 5455 1347 12675 
1 5 12675 10281 6861 6624 402 
1 7 8196 6754 6015 2211 1240 3056 10228 
1 8 6754 7692 5093 2100 9878 8477 9939 1497 
1 6 7964 1272 21 4002 2702 8455 
1 6 7672 8488 6831 10106 286 1601 
1 15 12680 6315 1398 1779 1855 10918 509 4139 6466 6539 2593 2342 7130 92 1839 
1 15 1906 11071 92 4022 4687 6497 4221 11146 11161 2424 11155 4360 7419 7125 11126 
1 12 10580 3951 10598 6033 10604 5940 10658 10678 369 10733 1576 12680 
1 13 10733 12681 10736 3757 8326 2151 10807 10884 4141 10997 5834 1044 7125 
1 7 509 4268 8039 10738 3867 1624 10732 
1 5 1855 11027 4451 4276 2424 
1 12 12688 10484 1641 2709 3685 313 786 5950 6812 4559 5609 7677 
1 17 3869 7617 2249 598 11112 3181 11113 7983 8511 3922 6783 7533 11067 5025 121 7677 2965 
1 13 7617 2578 10989 1647 6940 6762 10768 7442 7556 10625 4772 2118 10454 
1 19 2118 10532 10523 3562 3494 10489 10507 2509 10490 936 10425 1799 10465 10422 4488 12688 10373 10329 10228 
1 15 313 10758 7519 5131 10823 2366 5109 3872 10971 7717 10978 2987 3468 10900 1647 
1 10 10625 10657 5941 10695 2003 7315 1665 5176 6060 5131 
1 13 3086 10139 10193 10161 8634 1783 10019 5439 4180 7744 4432 5518 9706 
1 17 9706 9668 1498 9590 5955 9495 7926 4657 9372 4979 9267 2398 9192 9164 2826 6531 9073 
1 24 9073 5026 3563 9147 2568 1747 9202 940 8359 3928 6570 3978 7711 8301 2786 1984 355 9321 9348 5605 3400 9340 9355 6358 
1 13 6358 5266 7114 9502 2089 6227 9629 5885 9685 2071 9763 6725 8300 
1 14 8300 4755 9862 5271 3439 1601 4997 10029 2839 7498 6697 604 7433 3086 
1 11 5955 7168 735 9647 5391 7037 7536 9830 6513 1857 2839 
1 12 9647 9609 5130 9539 8363 1190 48 357 9331 9333 511 3928 
1 14 48 6924 9496 9534 6628 8065 7571 3441 1549 4718 4389 9728 776 4755 
1 6 1549 2294 7474 5926 3148 355 
1 8 7474 94 3806 7049 9535 5508 2451 2089 
1 19 6029 9598 6660 9546 9513 9469 6213 9371 3074 9326 3117 9254 9226 2318 5055 3853 3731 9051 9073 
1 12 6660 1421 9578 2006 7595 9506 6800 9439 7843 9427 4426 6801 
1 8 6801 7875 1774 3614 9452 1837 5791 9449 
1 11 9449 3191 9351 2640 3470 9243 7237 6189 9138 3675 9076 
1 21 9076 9080 1423 3960 3285 8393 9037 9059 1991 7837 6841 4160 7934 9040 9060 8602 995 9062 517 9066 9051 
1 12 3285 9081 3952 484 316 9195 4725 6716 1874 6328 9377 4426 
1 15 316 6099 3744 862 9216 9239 2907 2940 5204 2802 7796 9343 6271 9374 9371 
1 9 995 5856 5244 4317 9133 442 6739 9182 2940 
1 17 8649 8650 3185 8645 8652 5534 556 1703 1789 8693 8703 4808 2962 8718 8726 2705 5978 
1 6 8649 6198 4767 6355 3176 1292 
1 10 8648 8267 6219 2659 4662 8643 7345 3105 8641 1530 
1 12 8648 3822 8659 8666 6362 8675 4918 3312 2384 8684 514 7308 
1 6 8267 1530 6693 8353 3957 1292 
1 17 6856 6933 5142 8530 9122 9141 6757 56 3062 4570 9313 2046 6284 4821 9490 9522 9566 
1 5 9522 5635 4332 117 7114 
1 13 6856 3818 662 5631 3041 7207 7117 2081 1255 8835 4646 7234 8825 
1 11 7207 6890 2077 1093 8622 5978 8749 2457 1264 8714 6583 
1 10 6583 7308 1157 5348 8699 2423 8698 8692 7356 8686 
1 9 8686 8689 7961 1667 6235 8746 8768 8790 8825 
1 9 8746 6879 8736 6617 5910 5854 3679 8745 8749 
1 10 8746 2462 8751 4491 4629 4145 5911 8725 8716 2435 
1 10 2435 3935 6190 3025 7379 8731 8739 8737 8735 3057 
1 11 3057 3812 968 5614 8843 5826 8872 8887 1214 1089 8924 
1 20 3057 6238 4612 1660 8709 7584 6137 7195 4288 7993 8660 5929 2216 8657 6908 3473 7454 4791 8647 8643 
1 16 7195 1538 4827 7016 6985 60 7392 3444 5028 2323 3875 4799 3884 1575 1218 8686 
1 19 5826 6770 4346 2688 8865 1199 668 8864 6528 8871 3988 643 6958 7640 5105 717 4820 8845 8825 
1 12 7640 8882 8902 6390 8926 430 8940 7159 3403 6021 9053 8530 
1 11 3062 2001 7192 603 7122 9228 9173 7600 2295 9154 5172 
1 13 5172 6748 9127 9118 7728 6867 3543 9101 7598 3893 6440 3602 4741 
1 33 4741 9013 1260 8979 6916 6043 8605 606 8965 8985 2751 5644 8939 4440 8938 175 4891 4340 8277 1782 4032 8613 8980 2062 6442 568 8437 1583 7516 1067 8107 3361 2001 
1 20 9101 9129 9150 3321 1900 1108 3206 340 9199 9209 7628 4266 8290 7936 2301 9277 3245 7101 9255 9228 
1 2 8924 8979 
1 3 9706 1091 9700 
1 2 3036 8634 
1 4 2993 8432 548 10736 
1 14 1906 11031 998 7928 10835 5947 10732 522 10637 10580 5397 7355 10448 12679 
1 2 2424 11209 
1 4 6569 5521 11794 3491 
1 2 263 6773 
1 2 12070 4407 
1 2 2728 11444 
1 3 9481 6296 6801 
1 3 7926 3532 6213 
1 8 5172 9107 1937 6975 4441 8988 4067 4032 
1 9 2435 8730 6927 2264 8788 5269 8844 3633 6528 
1 6 3822 8397 8668 4911 3730 8686 
1 3 4365 10200 4265 
1 2 2843 7088 
1 5 6652 7492 11103 1846 8482 
1 4 12882 8482 7568 11001 
1 6 11001 1495 11122 11169 11235 11294 
1 3 11001 1671 1234 
1 6 1234 7156 4404 4397 1253 1179 
1 4 12882 6106 5444 1179 
1 3 6652 7492 11279 
1 5 11279 4613 6751 7108 11294 
1 5 6652 7492 4005 4903 6106 
1 9 12885 5048 2348 7576 10445 6187 5712 1933 2138 
1 8 12885 4070 10426 2273 5925 8563 1760 74 
1 4 12885 5048 582 10338 
1 8 12885 4070 625 1366 350 2293 2416 10620 
1 4 12885 1022 7377 10642 
1 14 12884 1764 11003 2738 4933 11085 3438 5091 5168 11162 468 11072 7086 8075 
1 8 1037 6277 6075 1184 5551 11042 11072 7086 
1 2 7903 1037 
1 8 1037 10809 4960 2620 7107 10766 1951 6448 
1 5 7903 6121 8242 5418 12884 
1 8 12884 5418 5577 5134 10913 6079 87 5444 
1 4 2738 7922 3216 12880 
1 8 11279 7492 5333 3729 6074 2204 3216 12880 
1 5 5091 4940 11163 429 3216 
1 3 11042 5551 1184 
1 6 8075 2729 3902 4619 1390 6448 
1 21 5812 7944 6824 9411 6884 1701 7040 5562 487 6645 9778 141 6251 1283 4289 10155 6150 10269 4567 3741 5617 
1 14 5617 10531 2668 10560 5456 5664 7503 10687 10705 1657 8468 2282 7788 1390 
1 13 5617 1767 7450 3420 1909 5527 1786 10700 10683 7716 1033 6166 2720 
1 14 1446 6824 6735 1246 4077 9317 8504 3849 2816 5449 3605 7864 9268 6897 
1 17 1446 9415 7520 1988 9499 1096 6243 9649 4044 2418 414 390 864 531 10120 10182 7177 
1 8 7788 6050 1425 10592 10533 2167 10370 7177 
1 22 2720 6166 5122 8130 8604 2781 4525 2755 10136 10060 7052 2310 5921 4658 5282 7312 9545 1997 1266 4909 296 6897 
1 12 2310 8589 5860 3040 9850 7479 2394 4817 7164 1566 7847 9778 
1 7 10521 3018 5430 1879 4369 4080 8140 
1 2 10521 2138 
1 13 12888 10445 1370 1533 10570 3207 10612 7020 309 10718 4369 4080 10842 
1 3 12887 10445 12888 
1 12 12903 6352 4343 9984 2550 3046 6380 7752 1201 3497 6703 5430 
1 14 10429 2801 10410 4595 448 1699 2175 10301 1512 2428 10316 50 10326 7752 
1 11 10429 5367 1802 5217 2214 7565 7997 4294 9942 8192 2385 
1 9 1234 8453 6826 1738 8275 2645 11077 3076 11054 
1 7 11054 530 4543 769 8441 6644 1759 
1 10 1759 6644 7859 7949 3742 11364 11336 1151 5408 292 
1 2 6826 10979 
1 5 6826 11086 5484 11259 292 
1 6 3742 2630 4494 1755 11116 8275 
1 8 1151 7768 3311 1755 4604 11132 1954 11054 
1 17 12903 7004 4027 9769 7643 9730 9688 7170 9624 1131 9553 9533 9500 9483 7844 8347 4278 
1 17 7170 9640 9605 9613 2736 9573 5660 210 7548 6249 2119 5478 2154 9586 3747 793 8143 
1 10 9748 3003 9725 9709 9603 82 4161 7925 1041 8143 
1 2 2385 9748 
1 21 7565 2488 7966 10021 3006 10065 10072 475 491 7011 6605 1655 6606 1881 9832 5735 9803 419 142 1621 12903 
1 13 4278 9526 9559 9602 9650 9690 1960 7331 1077 10007 5558 3934 7210 
1 19 7752 3243 8254 3112 5224 2980 10230 10167 1894 2467 10242 1388 6140 4190 1007 6268 4765 7868 7210 
1 16 4343 8336 9895 9904 1844 489 4663 9891 7940 1015 3121 7472 9871 9894 5796 1077 
1 8 7844 6020 7685 1800 4130 5833 4133 9871 
1 7 6140 4190 2364 10055 660 2533 9871 
1 3 10213 3112 10295 
1 6 1844 386 759 805 10175 10213 
1 3 11054 11024 5389 
1 4 811 10901 10967 5389 
1 4 12842 2526 601 811 
1 6 12842 818 10556 1092 5186 10486 
1 8 10737 7963 5043 10673 10613 10643 818 12842 
1 9 12842 818 10562 2943 10539 10515 5620 7574 6160 
1 6 811 10854 823 3465 464 513 
1 5 2526 3316 3100 1374 8276 
1 4 8133 3576 784 10534 
1 5 5389 10939 4 5329 12875 
1 12 5329 11016 3033 3946 3676 4402 8201 11123 4542 5477 11174 3021 
1 4 11016 4855 6729 1832 
1 2 12875 5329 
1 7 3021 2537 5719 11012 10974 7678 1119 
1 13 1119 7795 954 3317 10944 5773 3227 5984 1319 5691 7280 4012 10859 
1 2 12874 5691 
1 5 4542 195 6802 2225 10944 
1 5 10828 3424 5427 10535 8133 
1 5 10866 8162 3348 373 8133 
1 5 8133 373 10684 7455 4546 
1 3 8133 10535 7193 
1 3 10534 784 2801 
1 5 5477 11210 11203 7201 12877 
1 6 3983 4592 8387 11352 6495 2957 
1 7 2957 1801 719 5035 11234 11178 11228 
1 3 11228 2959 8184 
1 7 12876 11234 11282 5167 4987 5483 2793 
1 2 12943 5984 
1 6 1759 5151 11400 6490 1584 2793 
1 4 42 2299 4425 11294 
1 15 6982 4522 3489 4872 8573 4825 6600 5164 11665 11611 3678 5756 4815 1862 42 
1 4 6982 5892 5250 8082 
1 10 8082 1514 3490 7826 1059 2913 8325 11763 8386 6883 
1 7 6883 1384 11624 2935 6371 2714 5571 
1 18 4425 11381 5328 5706 4094 726 11421 1436 5152 2156 6918 11507 6670 11483 4922 35 2714 5571 
1 2 682 8386 
1 11 8573 8076 5486 11716 2522 76 3193 1293 11522 6918 11507 
1 15 5328 11395 4094 726 11421 1436 5152 11527 1293 2724 11668 11709 11761 11783 2913 
1 7 682 3215 11666 689 5646 11606 2724 
1 2 5571 5483 
1 5 12143 2401 4131 4935 8082 
1 18 3912 1442 6191 4487 11984 6349 11993 4981 7116 12813 6480 8607 5566 4849 8516 166 7349 4935 
1 3 3912 6930 6418 
1 9 3912 1852 12064 12105 2687 6057 1129 12251 12282 
1 8 12822 924 12280 325 12294 12835 1245 12838 
1 14 12822 1898 12273 4836 3906 6267 101 644 2090 12274 8015 1632 926 500 
1 9 1632 12347 5956 12330 1443 3442 7408 12291 3906 
1 7 12143 1505 1983 8420 2219 2810 500 
1 5 673 11848 7435 5002 11993 
1 6 1380 4233 11638 403 11731 673 
1 9 1380 7227 11576 3345 4505 907 7696 1947 4966 
1 7 673 3271 2807 2832 8231 6679 11657 
1 6 11657 11607 8259 2757 8029 4235 
1 5 8231 11739 1262 1981 3506 
1 10 673 11746 1910 7642 11589 8103 5509 11508 11473 11438 
1 5 4966 6546 4142 11776 1258 
1 11 1258 3335 7766 8306 1429 4671 11754 384 641 673 11848 
1 3 1429 2262 11873 
1 4 8103 1013 11575 1380 
1 3 6418 11870 1258 
1 4 11438 11454 6073 4235 
1 2 5571 4235 
1 4 3983 4592 7559 11438 
1 3 11080 2284 6138 
1 9 6138 515 10975 4585 2440 3759 2689 3625 1119 
1 11 11080 1963 3380 11119 11110 11117 4569 6551 6852 7749 5719 
1 27 1507 10706 2361 2937 10721 3043 460 2972 8626 10756 2884 8238 4927 6873 10773 8394 230 3629 5039 3005 10781 2634 4667 10770 3300 4732 10795 
1 9 11080 4552 6093 11252 416 6427 7006 8392 11410 
1 5 11410 1579 4951 5869 4505 
1 10 3983 3750 1469 903 576 1489 11260 4166 6619 11252 
1 13 1579 1339 6226 922 1489 5582 11159 913 3050 1998 3052 11109 5719 
1 47 4699 3187 1678 228 8214 10729 6002 191 3199 4561 3915 7099 10726 6299 4680 10743 2132 1666 10796 4287 881 2360 4442 5875 3509 6888 2813 10746 1502 3375 10787 10863 4557 15 10833 10825 6460 5435 7394 7683 10940 6444 4676 7182 3334 2284 6138 
1 45 11444 2334 6407 11311 5533 11264 11276 2508 1995 6589 11188 2910 11121 5310 2206 5523 3539 7808 6151 3751 3836 11182 11213 5314 1853 8056 6671 11283 11310 2730 11331 4195 11362 1640 11401 5722 4533 4889 220 5636 11417 4224 6059 6154 4951 
1 21 8532 2517 12226 6314 3573 12264 2404 6037 12214 6344 12184 7438 4976 1276 6478 6530 12144 12114 6804 444 12107 
1 56 1220 6111 12141 12133 12095 3649 4468 7657 6999 11822 455 11883 180 2505 683 12018 5352 2573 11985 4058 12012 12763 12060 4711 12084 5263 4450 2667 3775 12087 5158 12130 2450 6623 12109 912 8174 1966 1644 8553 12139 1603 3467 8202 3125 4628 3567 12302 12310 12835 498 12314 3942 7381 12819 3906 
1 15 4142 11776 11809 358 7162 6303 7050 11980 961 4125 2228 7538 6651 12109 4039 
1 7 4197 8127 5261 3720 2827 11358 1640 
1 5 4197 3278 2952 8587 6460 
1 2 11365 6427 
1 6 11365 771 5636 6313 7523 5837 
1 4 5654 6013 11536 5837 
1 9 4197 7733 1555 11074 6087 6989 4396 6163 6093 
1 8 5636 220 4889 6597 7084 11327 5261 3547 
1 12 11980 2985 7894 6882 5202 122 723 11762 3382 5506 5657 7935 
1 5 4966 5861 341 2336 7176 
1 10 7176 217 5828 6363 521 11619 6104 1649 6516 7935 
1 14 5657 7297 5345 4912 7110 11913 7631 3511 698 2997 12130 8232 4380 12246 
1 3 12246 4840 12312 
1 17 4628 4497 7892 4342 1383 12311 7202 914 12325 4034 1170 4417 12300 1138 6068 7727 12312 
1 3 6707 2612 12763 
1 9 1880 5410 6386 2275 11791 11864 11897 5883 3775 
1 2 7935 1880 
1 6 5158 2043 7564 8422 2371 7693 
1 27 7693 7783 2753 12319 4899 12359 7199 3620 151 3079 12315 1140 12321 7619 1109 7470 8313 4186 6721 1169 5052 5810 7376 2377 8170 5851 2221 
1 3 2221 4382 8532 
1 11 11822 2218 11933 5153 8027 12053 12089 1762 12158 124 8170 
1 4 11822 640 1193 11629 
1 30 11629 2607 6666 6704 11608 6475 4045 1404 7951 4175 5311 11710 5001 11725 3810 7554 11787 1021 11744 3574 11718 7103 2854 5315 11697 7809 8574 8348 2048 1880 
1 4 11787 7800 4473 12012 
1 8 4186 12239 12220 7402 772 3379 7900 683 
1 8 683 5998 1945 6081 7215 1806 11691 1404 
1 16 4557 10949 2604 5850 6877 4893 11184 2629 5482 2730 11376 11435 1842 4073 4930 1880 
1 29 4073 6753 11509 11492 2744 11485 7705 129 2536 2567 11471 4790 11501 4720 7956 4514 7189 4164 7547 2506 433 3963 1911 5321 8322 11496 1025 58 2466 
1 8 4073 5670 5065 1980 11362 1640 11401 5654 
1 15 2466 4885 4932 8460 4929 2549 5533 11200 801 5445 2306 2280 10812 10764 8214 
1 9 8214 10689 6316 10652 10622 504 1971 2555 10517 
1 19 10517 6512 4422 8137 5710 10578 2199 6939 10651 7287 3083 10645 2278 7521 10708 6661 10644 8100 6256 
1 20 5321 1408 5849 11561 8179 11534 421 11545 6391 5049 1377 11596 1210 6885 11500 1136 5441 6463 11539 11550 
1 2 11550 2744 
1 3 2466 11585 11629 
1 13 6256 10408 1402 852 1104 5481 1856 4082 3469 6058 7422 1864 7032 
1 7 7032 9713 1475 6399 9487 1315 4644 
1 4 7032 5868 760 3863 
1 10 1475 3997 5499 2245 6632 4648 6843 7483 3975 915 
1 16 915 4986 4046 4054 8036 9787 1379 9982 4813 4800 2563 10219 10261 1643 2939 3721 
1 13 8100 2893 4975 10599 6734 3871 6000 4118 3582 10491 4444 1192 3721 
1 12 3469 781 5776 2778 8480 1822 10115 10130 3130 1434 2563 4800 
1 9 10115 4789 7960 6809 9797 9726 8444 9642 6632 
1 8 4118 10430 8217 863 10306 3481 8480 1822 
1 6 9051 8993 7666 1120 7443 1256 
1 26 1256 7443 2034 4823 2181 8917 3493 4111 4507 8547 7169 3548 8847 3725 8812 5214 8792 891 5959 8761 8747 8750 8741 7916 2155 2552 
1 22 2552 2486 6031 8223 3755 684 3524 2896 3213 4496 4898 8289 3211 899 4158 482 4773 6643 8799 4656 8779 6816 
1 7 4656 233 3471 8857 693 8120 1662 
1 6 9051 9066 517 9062 3512 9021 
1 23 9021 9011 9027 130 9006 4088 9015 4399 5815 2210 8961 8984 4850 4225 6078 3545 8520 201 8351 9036 3868 5539 9056 
1 20 9056 7996 9003 9000 8992 372 8565 5864 6990 2490 934 4112 8942 3164 272 3066 6896 3499 8912 1662 
1 3 8992 7109 2512 
1 4 6990 2715 8998 802 
1 14 9036 3918 3217 8930 8403 4154 7401 5157 4398 85 8772 3301 3755 8223 
1 19 693 8868 7630 2152 8836 7031 3606 30 8827 6515 5341 8824 4719 7445 4416 2784 7889 8502 5157 
1 20 4507 8547 7169 5935 2354 6608 4586 8831 4704 8819 1386 5980 8861 5768 2777 2068 7838 6212 7401 8502 
1 5 4225 2162 1367 8889 5980 
1 5 8993 5970 7197 9034 9021 
1 8 2613 2908 7047 7924 8071 5801 2830 915 
1 14 2613 9363 9420 1992 3560 6116 2051 1587 9532 2291 9543 867 5295 6242 
1 6 6242 1121 3967 5084 6677 7994 
1 4 7994 6793 9829 9875 
1 15 9875 9877 6096 7920 6740 5231 9815 1777 7354 3402 5567 1311 9761 9745 1663 
1 2 1663 9787 
1 6 9745 9696 4915 1565 4387 2830 
1 6 5231 9720 2168 2889 9560 3560 
1 8 5567 1055 5510 9575 9530 4284 9398 2908 
1 6 9530 8384 3958 9542 9560 2889 
1 8 5084 6040 7817 6032 5640 1587 9579 2889 
1 17 6242 9459 4890 2924 9334 2016 8073 3823 2251 3416 5051 3700 3804 8159 1112 669 8912 
1 16 5051 2378 5755 6477 8366 9146 4846 9204 8405 2013 2329 632 4508 3155 9329 2613 
1 7 669 8948 3929 8991 8194 1793 2378 
1 4 3155 9266 2734 7081 
1 15 7081 7853 8054 7208 9117 5423 112 9079 9072 1185 9012 6599 8194 526 3929 
1 14 9420 1992 3560 6116 2051 1587 9532 2291 9543 7074 5295 9459 9417 4890 
1 16 2924 2171 5633 9248 9223 6100 7186 3700 3804 8159 3281 8976 3238 8956 8952 8971 
1 12 8073 4205 2454 4348 2750 9269 545 9301 4439 9304 632 4508 
1 8 9417 5053 3674 6048 661 9369 9381 831 
1 7 831 8525 1271 4508 3155 9329 2613 
1 10 792 9556 1050 9645 9583 4866 3196 4092 9519 5656 
1 18 9519 3373 9401 2740 5601 2680 9350 8599 9285 5299 3592 753 8026 1299 9230 9208 7531 787 
1 4 787 5422 733 5633 
1 8 8976 4920 894 303 7439 833 8583 9208 
1 23 8971 4523 8986 3623 8225 3985 9049 276 9088 8601 1546 7014 5184 4447 2610 8339 2651 7913 333 246 9097 3099 9076 
1 7 5601 3691 6123 1197 1209 4695 4447 
1 6 3592 9187 9166 9143 8281 276 
1 9 8026 3391 1813 9108 8198 9058 3208 1409 8952 
1 8 1197 8377 9218 1159 1582 9224 9190 9166 
1 9 9243 5437 9249 523 5040 8134 4510 9245 1197 
1 12 3373 7344 3146 7138 2519 5273 5040 1451 5388 3719 553 3099 
1 11 6173 10398 10314 115 7931 8186 6755 9946 3235 9841 9761 
1 12 1379 9787 8537 9841 4163 6823 7797 1901 5529 4702 7794 7609 
1 9 7609 7794 5525 8361 10199 2954 10318 1948 10442 
1 5 6173 10411 1222 3632 10442 
1 7 6173 3546 3600 3231 4784 7919 3721 
1 6 2563 10192 4137 2443 10116 8186 
1 7 2954 10267 6787 10249 2978 5526 7931 
1 22 5656 9544 9505 6935 9528 7326 5143 841 5108 6326 9476 2203 2297 2212 2864 9360 4913 6680 6673 9325 525 2171 
1 5 9476 4280 8517 6553 234 
1 9 9544 9612 5625 6923 174 4097 2970 9952 10028 
1 24 9952 4883 9925 8389 5286 4191 2223 3340 1570 9865 281 7769 5882 463 9821 8266 8434 6634 8598 4858 9770 1449 3093 7994 
1 8 4858 3322 348 1816 7118 3299 9418 525 
1 6 234 9298 9327 9309 4746 6680 
1 10 6935 9461 2449 1472 9384 6288 3142 7550 3454 234 
1 7 6205 7271 6601 9671 7289 6105 2297 
1 2 6205 1570 
1 7 7609 3114 7209 9916 1548 7627 2782 
1 22 2782 9825 9869 223 2745 3786 9951 8526 7387 9933 4504 10027 2215 10033 1523 2535 8382 7323 774 379 2073 8388 
1 2 8388 10028 
1 3 589 10898 1905 
1 30 10898 6318 10871 2109 2408 3798 1289 2733 10785 1440 702 7399 10782 6866 4637 1290 1510 10653 4212 10641 4949 10615 6147 10601 7668 5023 2527 3990 4377 6316 
1 10 7209 1727 10074 4460 2614 10319 10368 7194 5132 3990 
1 13 8388 10124 3070 718 153 7972 10447 5262 3270 7096 5128 192 10871 
1 23 6147 6232 7739 5517 10387 10337 10254 4750 5593 10178 2711 2942 2332 10079 4751 1523 2535 8382 7323 774 379 2073 8388 
1 24 2408 3798 2368 2235 7603 2953 8447 4178 3665 7482 3826 7068 10436 10387 6026 3475 6171 10107 5520 2191 4202 5663 9916 7209 
1 9 10368 7671 10377 6520 2754 2325 7211 168 6026 
1 4 3789 10655 2087 6147 
1 2 4699 7668 
1 9 6707 2547 1509 2948 3597 5106 4715 12255 8422 
1 17 7478 12763 12060 4474 3453 745 11838 6181 11810 8037 11757 11740 3968 8574 8348 2048 1880 
1 17 2937 8298 4517 1188 10396 2185 2386 8237 10141 4811 9979 9912 9867 9834 7481 5968 9694 
1 7 9694 1950 7828 2789 7282 4076 2899 
1 26 2899 4540 6433 6065 2633 9594 3482 1308 9760 2239 6806 9853 9874 186 5939 6071 3171 5495 2099 6139 1680 979 2165 8404 3779 4087 
1 7 4732 7927 2982 3038 3859 10584 4008 
1 4 8100 10522 1447 4008 
1 13 4008 1447 10506 5492 10363 3589 10251 1247 3964 4115 3717 9885 4087 
1 34 4008 10584 3859 10557 10567 5522 10456 1020 5962 10391 6922 6165 10292 3017 3503 807 10179 969 6538 1735 3186 4638 7161 10003 2759 7562 1152 9754 9768 456 7336 9721 4251 9694 
1 31 2937 10721 2465 460 10632 10596 935 10457 2066 3801 7429 5537 8451 6327 5570 7770 7247 807 3503 764 10133 7243 10080 10057 7897 4314 7570 7923 9950 8461 9885 
1 11 7429 1437 4609 7618 4255 10172 10146 6842 5379 10053 4811 
1 2 2385 9694 
1 9 2884 10756 8626 7877 10819 10792 10843 3324 2961 
1 2 2937 2961 
1 10 5039 10680 88 10547 10501 10455 7343 10356 4591 807 
1 4 3863 9824 9872 9885 
1 13 12890 634 5255 3154 2983 8415 5769 3452 4679 6336 5041 860 5893 
1 3 5893 6844 2899 
1 21 12890 6095 7551 4315 131 6097 6625 6109 7979 1178 866 7054 3145 7947 6695 6370 2391 5014 9096 6580 3799 
1 10 3799 9111 3772 5689 6454 2024 3577 7653 2916 4644 
1 15 6139 2492 1470 4376 9523 3084 5032 2468 8412 768 9184 5548 3068 2858 6695 
1 8 1301 8078 12928 3840 5746 172 9504 3084 
1 11 1301 4781 3989 9448 5924 508 9315 9244 4004 2989 3452 
1 14 9244 958 7873 3541 4962 7791 8177 9109 4372 4602 5889 9050 7054 3145 
1 14 2468 1237 9289 7699 7092 2447 9282 1989 7395 12899 9157 4401 3541 7873 
1 11 4644 9425 1730 9414 9458 5807 7754 314 9529 685 4376 
1 7 4087 4335 6803 4830 5934 4064 5807 
1 9 12891 2487 7026 12894 7300 1455 3135 8590 5746 
