1 56 
1 92 
1 105 
1 117 
1 170 
1 177 
1 197 
1 215 
1 255 
1 286 
1 313 
1 355 
1 357 
1 390 
1 430 
1 470 
1 509 
1 589 
1 614 
1 633 
1 650 
1 716 
1 721 
1 838 
1 844 
1 943 
1 944 
1 1003 
1 1011 
1 1102 
1 1135 
1 1184 
1 1248 
1 1261 
1 1320 
1 1414 
1 1497 
1 1535 
1 1601 
1 1647 
1 1754 
1 1796 
1 1811 
1 1869 
1 1905 
1 2003 
1 2100 
1 2118 
1 2139 
1 2190 
1 2246 
1 2310 
1 2398 
1 2435 
1 2572 
1 2593 
1 2599 
1 2672 
1 2728 
1 2738 
1 2747 
1 2762 
1 2772 
1 2901 
1 2962 
1 3057 
1 3072 
1 3086 
1 3117 
1 3233 
1 3429 
1 3477 
1 3595 
1 3657 
1 3802 
1 3821 
1 3881 
1 3896 
1 3928 
1 4025 
1 4134 
1 4179 
1 4291 
1 4339 
1 4404 
1 4407 
1 4441 
1 4451 
1 4471 
1 4493 
1 4524 
1 4564 
1 4567 
1 4613 
1 4633 
1 4699 
1 4725 
1 4741 
1 4755 
1 4764 
1 4783 
1 4917 
1 4925 
1 5109 
1 5172 
1 5204 
1 5229 
1 5253 
1 5268 
1 5350 
1 5416 
1 5562 
1 5568 
1 5591 
1 5701 
1 5780 
1 5792 
1 5805 
1 5878 
1 5894 
1 5910 
1 5927 
1 5940 
1 5971 
1 5978 
1 6281 
1 6358 
1 6528 
1 6569 
1 6583 
1 6660 
1 6799 
1 6801 
1 6856 
1 6884 
1 6908 
1 6951 
1 6985 
1 6991 
1 7015 
1 7125 
1 7178 
1 7207 
1 7340 
1 7474 
1 7479 
1 7543 
1 7566 
1 7571 
1 7606 
1 7608 
1 7617 
1 7650 
1 7672 
1 7677 
1 7824 
1 7869 
1 7871 
1 7890 
1 7926 
1 7934 
1 7964 
1 7983 
1 7986 
1 8007 
1 8067 
1 8342 
1 8354 
1 8406 
1 8510 
1 8532 
1 8643 
1 8645 
1 8648 
1 8649 
1 8684 
1 8686 
1 8746 
1 8788 
1 8825 
1 8924 
1 8938 
1 8965 
1 8980 
1 9037 
1 9051 
1 9073 
1 9076 
1 9133 
1 9199 
1 9449 
1 9481 
1 9482 
1 9506 
1 9522 
1 9566 
1 9609 
1 9629 
1 9645 
1 9706 
1 9818 
1 9830 
1 9917 
1 10028 
1 10351 
1 10454 
1 10507 
1 10542 
1 10580 
1 10738 
1 10768 
1 10835 
1 10978 
1 11169 
1 11209 
1 11216 
1 11218 
1 11297 
1 11302 
1 11415 
1 11444 
1 11506 
1 11517 
1 11529 
1 11542 
1 11549 
1 11675 
1 11879 
1 11888 
1 12070 
1 12095 
1 12176 
1 12354 
1 12675 
1 12679 
1 12680 
1 12688 
1 12690 
1 12691 
1 12694 
1 12696 
1 12700 
1 12709 
1 12714 
1 12717 
1 12720 
1 12736 
1 12737 
